theta/2theta,Intensity
5,250.9113007
5.010000229,253.932663
5.019999981,336.6230164
5.03000021,302.4634399
5.039999962,209.9745331
5.050000191,211.9826355
5.059999943,290.5362549
5.070000172,241.2942963
5.079999924,233.6105194
5.090000153,182.8502655
5.099999905,256.7096252
5.110000134,212.1771851
5.119999886,239.2519226
5.130000114,237.8079987
5.139999866,233.6474915
5.150000095,256.411377
5.159999847,231.4520569
5.170000076,209.9965363
5.179999828,254.2677765
5.190000057,254.5116119
5.199999809,242.719986
5.210000038,207.3820038
5.21999979,291.6415405
5.230000019,284.8115845
5.239999771,279.5423889
5.25,237.5338135
5.260000229,240.8906403
5.269999981,275.6192627
5.28000021,264.1012268
5.289999962,224.8978119
5.300000191,220.8333282
5.309999943,322.0274658
5.320000172,314.6243896
5.329999924,271.4078674
5.340000153,255.4781494
5.349999905,242.9965668
5.360000134,223.0805054
5.369999886,272.7886658
5.380000114,297.6914673
5.389999866,259.3129272
5.400000095,287.4008789
5.409999847,276.9204407
5.420000076,249.23703
5.429999828,275.2276917
5.440000057,275.4985046
5.449999809,289.6481323
5.460000038,306.2902832
5.46999979,297.3840027
5.480000019,288.5460205
5.489999771,218.3869171
5.5,208.3333282
5.510000229,226.4597473
5.519999981,254.5008087
5.53000021,363.1115417
5.539999962,299.8143921
5.550000191,276.6976013
5.559999943,282.1893616
5.570000172,225.9162292
5.579999924,248.9087524
5.590000153,257.7430115
5.599999905,272.6142273
5.610000134,282.1282349
5.619999886,219.2893219
5.630000114,261.6116943
5.639999866,306.2911377
5.650000095,273.5635986
5.659999847,263.1331177
5.670000076,251.9176331
5.679999828,207.7437744
5.690000057,235.1524658
5.699999809,266.2306824
5.710000038,246.3120422
5.71999979,248.6605377
5.730000019,277.9266968
5.739999771,231.0622406
5.75,283.4488525
5.760000229,264.5804443
5.769999981,261.7997742
5.78000021,283.2621155
5.789999962,246.0489349
5.800000191,268.5334473
5.809999943,264.6737976
5.820000172,245.3201141
5.829999924,231.3769989
5.840000153,277.099823
5.849999905,277.2468872
5.860000134,281.8232422
5.869999886,259.4945984
5.880000114,226.9710693
5.889999866,254.766983
5.900000095,208.3035126
5.909999847,249.9324951
5.920000076,296.2511597
5.929999828,300.7976379
5.940000057,279.8222656
5.949999809,305.2118835
5.960000038,238.7824097
5.96999979,277.6936035
5.980000019,298.3439636
5.989999771,240.0137024
6,288.2034607
6.010000229,244.3990173
6.019999981,249.0527954
6.03000021,217.7755585
6.039999962,254.5643158
6.050000191,273.2589417
6.059999943,294.740448
6.070000172,339.4081116
6.079999924,264.773468
6.090000153,254.7541809
6.099999905,258.3333435
6.110000134,264.8528442
6.119999886,328.4867554
6.130000114,303.6141663
6.139999866,256.0093994
6.150000095,216.7137451
6.159999847,247.0867462
6.170000076,251.8865509
6.179999828,256.4346619
6.190000057,232.6430664
6.199999809,285.899353
6.210000038,265.7765503
6.21999979,247.780426
6.230000019,296.8265076
6.239999771,280.6897888
6.25,267.6583557
6.260000229,250.8220367
6.269999981,258.4848328
6.28000021,259.3431702
6.289999962,296.1427612
6.300000191,298.8991089
6.309999943,270.7237549
6.320000172,265.6326599
6.329999924,269.7932739
6.340000153,283.3156433
6.349999905,247.0110474
6.360000134,264.4183044
6.369999886,290.5122986
6.380000114,289.6405029
6.389999866,275.1384583
6.400000095,267.7489929
6.409999847,275.9016113
6.420000076,337.5401001
6.429999828,278.6107483
6.440000057,298.963562
6.449999809,252.5286102
6.460000038,259.6483154
6.46999979,258.6647949
6.480000019,290.5999756
6.489999771,273.8658142
6.5,250.4037628
6.510000229,248.8513641
6.519999981,268.0720825
6.53000021,284.0179749
6.539999962,269.5001831
6.550000191,226.5726166
6.559999943,281.2223816
6.570000172,302.3695068
6.579999924,308.9276733
6.590000153,306.5602417
6.599999905,256.744873
6.610000134,255.2470856
6.619999886,265.4518433
6.630000114,263.7208557
6.639999866,262.5
6.650000095,294.7717896
6.659999847,255.6331024
6.670000076,277.1600647
6.679999828,330.8226318
6.690000057,308.0063477
6.699999809,288.7629089
6.710000038,241.1358795
6.71999979,255.5343781
6.730000019,279.4906006
6.739999771,315.0105591
6.75,260.1967163
6.760000229,297.9926147
6.769999981,286.2404175
6.78000021,335.2046814
6.789999962,341.0188904
6.800000191,326.3229065
6.809999943,290.9468384
6.820000172,266.5046997
6.829999924,307.7124023
6.840000153,286.8699341
6.849999905,297.6183777
6.860000134,306.8843994
6.869999886,304.1666565
6.880000114,309.7583008
6.889999866,304.1304932
6.900000095,283.2969055
6.909999847,261.1106873
6.920000076,292.9729614
6.929999828,295.9046326
6.940000057,320.618927
6.949999809,307.2067871
6.960000038,294.4146118
6.96999979,328.7369385
6.980000019,310.2654724
6.989999771,357.1869202
7,318.1177673
7.010000229,306.347229
7.019999981,323.5454102
7.03000021,319.5877991
7.039999962,297.7657166
7.050000191,284.8058472
7.059999943,283.3333435
7.070000172,310.1555176
7.079999924,330.3525085
7.090000153,285.26828
7.099999905,314.2839355
7.110000134,329.8832397
7.119999886,304.9190369
7.130000114,306.4190063
7.139999866,349.4663391
7.150000095,328.6815186
7.159999847,312.0522461
7.170000076,303.553833
7.179999828,246.1178284
7.190000057,347.1989746
7.199999809,352.0687561
7.210000038,318.728241
7.21999979,314.6289063
7.230000019,365.2433167
7.239999771,312.2506409
7.25,314.9813538
7.260000229,347.4310303
7.269999981,374.0263977
7.28000021,373.7673035
7.289999962,342.091156
7.300000191,313.895752
7.309999943,286.3922119
7.320000172,343.3980103
7.329999924,344.535675
7.340000153,291.4530029
7.349999905,345.4318542
7.360000134,376.6098022
7.369999886,346.6383667
7.380000114,348.3189087
7.389999866,338.4000854
7.400000095,332.4571533
7.409999847,330.0606689
7.420000076,322.5261536
7.429999828,340.5765381
7.440000057,346.7807617
7.449999809,295.0021057
7.460000038,272.3003845
7.46999979,325.6057434
7.480000019,355.8951111
7.489999771,366.3281555
7.5,331.3253784
7.510000229,343.5679016
7.519999981,321.8807983
7.53000021,312.2363281
7.539999962,371.7758179
7.550000191,356.8588867
7.559999943,325
7.570000172,334.5395203
7.579999924,344.0456238
7.590000153,374.3097534
7.599999905,376.8964233
7.610000134,360.1387939
7.619999886,337.1358643
7.630000114,367.8204346
7.639999866,401.8232422
7.650000095,388.3124084
7.659999847,409.4775085
7.670000076,403.0993652
7.679999828,393.0853271
7.690000057,381.0280457
7.699999809,369.4238586
7.710000038,335.8653564
7.71999979,336.3124695
7.730000019,378.5315247
7.739999771,373.3921814
7.75,376.5605469
7.760000229,380.3041992
7.769999981,361.7669678
7.78000021,356.4273376
7.789999962,374.1167908
7.800000191,398.7443848
7.809999943,365.7167969
7.820000172,329.1666565
7.829999924,340.3225403
7.840000153,354.4505615
7.849999905,349.4558411
7.860000134,343.8801575
7.869999886,359.0788269
7.880000114,386.2451477
7.889999866,386.8252563
7.900000095,348.7212219
7.909999847,344.6560364
7.920000076,340.7188721
7.929999828,372.9666138
7.940000057,414.3343506
7.949999809,410.4937744
7.960000038,388.7999268
7.96999979,368.8153381
7.980000019,417.9744263
7.989999771,430.4466248
8,391.4759827
8.010000229,357.8318787
8.020000458,367.2411499
8.029999733,351.3927917
8.039999962,316.8115234
8.050000191,337.5730591
8.06000042,306.01474
8.069999695,358.6194763
8.079999924,412.488739
8.090000153,395.7808228
8.100000381,375.2225647
8.109999657,345.7313232
8.119999886,383.0588074
8.130000114,402.1695862
8.140000343,373.2975159
8.149999619,376.5569153
8.159999847,381.7600098
8.170000076,340.0534363
8.180000305,345.1360779
8.18999958,378.9107666
8.199999809,391.5269775
8.210000038,367.726532
8.220000267,387.5440674
8.229999542,383.785614
8.239999771,320.8333435
8.25,320.8333435
8.260000229,392.0525208
8.270000458,429.4118958
8.279999733,365.6340332
8.289999962,351.7155151
8.300000191,368.1076965
8.31000042,363.5745544
8.319999695,367.2080688
8.329999924,362.6071167
8.340000153,360.0698547
8.350000381,372.7261963
8.359999657,382.3084106
8.369999886,384.8083191
8.380000114,347.0401917
8.390000343,394.4749146
8.399999619,395.7805481
8.409999847,368.5192261
8.420000076,350.6018982
8.430000305,342.8032227
8.43999958,403.7459106
8.449999809,393.3964844
8.460000038,337.7747803
8.470000267,334.3412781
8.479999542,367.1546631
8.489999771,371.1664124
8.5,377.0891418
8.510000229,355.8205261
8.520000458,364.5569458
8.529999733,362.2167358
8.539999962,352.486145
8.550000191,317.9261169
8.56000042,335.8171997
8.569999695,335.6237183
8.579999924,334.5786743
8.590000153,377.9723816
8.600000381,377.4736328
8.609999657,341.6666565
8.619999886,339.8988037
8.630000114,332.2138672
8.640000343,332.0248718
8.649999619,350.4186096
8.659999847,367.7337036
8.670000076,385.4324341
8.680000305,425.9936829
8.68999958,396.8706055
8.699999809,317.9367981
8.710000038,359.8007813
8.720000267,391.6666565
8.729999542,369.5172424
8.739999771,337.5
8.75,342.5764771
8.760000229,380.3542175
8.770000458,404.8336487
8.779999733,378.3494263
8.789999962,386.6711121
8.800000191,385.0143433
8.81000042,365.0563965
8.819999695,368.1660156
8.829999924,362.9204407
8.840000153,343.6568298
8.850000381,373.6924133
8.859999657,358.8590393
8.869999886,377.5442505
8.880000114,394.3991699
8.890000343,387.9517822
8.899999619,345.2165222
8.909999847,361.2382507
8.920000076,355.3935852
8.930000305,362.8954773
8.93999958,365.8177185
8.949999809,380.6348877
8.960000038,370.3508301
8.970000267,373.947113
8.979999542,352.0990601
8.989999771,354.0888367
9,371.9060364
9.010000229,365.1254883
9.020000458,374.7830505
9.029999733,405.0108643
9.039999962,397.9764099
9.050000191,334.0453186
9.06000042,302.2521362
9.069999695,341.9231873
9.079999924,355.1566162
9.090000153,325.9535522
9.100000381,348.5109558
9.109999657,350.2831116
9.119999886,358.3333435
9.130000114,355.3899536
9.140000343,360.261322
9.149999619,399.6083374
9.159999847,405.5046387
9.170000076,376.2529297
9.180000305,407.3634644
9.18999958,345.4004211
9.199999809,342.3014832
9.210000038,387.6096191
9.220000267,366.0206604
9.229999542,292.7807312
9.239999771,283.62146
9.25,351.644104
9.260000229,398.5804749
9.270000458,369.4199829
9.279999733,373.4982605
9.289999962,423.8237
9.300000191,344.6451111
9.31000042,326.1132202
9.319999695,377.4810486
9.329999924,386.6350403
9.340000153,325.4621582
9.350000381,321.2480164
9.359999657,357.8953552
9.369999886,322.8297119
9.380000114,379.7550354
9.390000343,394.2003784
9.399999619,365.5700684
9.409999847,403.0932617
9.420000076,385.1453857
9.430000305,360.445343
9.43999958,349.1346436
9.449999809,371.1390686
9.460000038,377.8746338
9.470000267,394.6435242
9.479999542,355.4363708
9.489999771,368.4449158
9.5,404.2486267
9.510000229,428.3235779
9.520000458,396.7196655
9.529999733,373.5777588
9.539999962,419.2852173
9.550000191,379.850708
9.56000042,355.1271667
9.569999695,386.282074
9.579999924,367.5749207
9.590000153,354.5018616
9.600000381,413.0646057
9.609999657,380.2677612
9.619999886,308.9413452
9.630000114,296.9184875
9.640000343,367.5763245
9.649999619,409.8939514
9.659999847,333.672821
9.670000076,327.6417542
9.680000305,415.0596008
9.68999958,374.7218323
9.699999809,336.9150696
9.710000038,404.5372925
9.720000267,388.9923096
9.729999542,407.5448303
9.739999771,394.2601929
9.75,350.0521851
9.760000229,386.9624939
9.770000458,368.015625
9.779999733,377.8463745
9.789999962,362.5
9.800000191,361.4140625
9.81000042,381.0175476
9.819999695,415.7481079
9.829999924,345.1978455
9.840000153,384.2255554
9.850000381,354.0416565
9.859999657,337.5791931
9.869999886,385.5085144
9.880000114,439.605011
9.890000343,389.6269531
9.899999619,371.8619995
9.909999847,376.0229492
9.920000076,381.2011414
9.930000305,385.4769897
9.93999958,404.3114929
9.949999809,458.3314514
9.960000038,371.211792
9.970000267,349.7879028
9.979999542,380.192688
9.989999771,417.9557495
10,361.9386597
10.01000023,386.5342102
10.02000046,383.3333435
10.02999973,370.9266357
10.03999996,347.19104
10.05000019,400.7897949
10.06000042,389.9957275
10.06999969,448.1873474
10.07999992,455.0944519
10.09000015,394.4793396
10.10000038,377.7432251
10.10999966,382.0477905
10.11999989,367.9179688
10.13000011,388.3972778
10.14000034,393.4498596
10.14999962,386.7117004
10.15999985,349.8226013
10.17000008,391.460907
10.18000031,375.8687744
10.18999958,393.8391724
10.19999981,445.7130432
10.21000004,427.4632874
10.22000027,418.2953491
10.22999954,403.2915039
10.23999977,375.8218689
10.25,364.069458
10.26000023,422.6820068
10.27000046,375.5804749
10.27999973,412.9299011
10.28999996,365.1808777
10.30000019,442.6315002
10.31000042,425.9875793
10.31999969,418.8126526
10.32999992,430.1654663
10.34000015,364.8331299
10.35000038,378.0880737
10.35999966,391.6666565
10.36999989,388.624054
10.38000011,390.0993652
10.39000034,459.0826111
10.39999962,452.0895386
10.40999985,400.4770508
10.42000008,379.6721191
10.43000031,382.117218
10.43999958,452.6525574
10.44999981,360.8526917
10.46000004,419.1427307
10.47000027,361.2616577
10.47999954,422.2521057
10.48999977,442.3824463
10.5,404.1666565
10.51000023,407.5724487
10.52000046,422.9735413
10.52999973,403.1226196
10.53999996,361.472229
10.55000019,413.1694641
10.56000042,463.096405
10.56999969,366.4622498
10.57999992,430.1260071
10.59000015,410.5925903
10.60000038,394.3287964
10.60999966,375.6138611
10.61999989,435.7674561
10.63000011,360.2980957
10.64000034,397.0482788
10.64999962,400.5557556
10.65999985,386.916687
10.67000008,425.6568909
10.68000031,376.8273315
10.68999958,367.7125854
10.69999981,404.5881653
10.71000004,429.926178
10.72000027,408.8955383
10.72999954,413.6130981
10.73999977,419.7315369
10.75,414.6809692
10.76000023,431.3250122
10.77000046,444.7654724
10.77999973,435.9151611
10.78999996,418.7284241
10.80000019,386.890564
10.81000042,468.7880249
10.81999969,440.5132446
10.82999992,346.6670227
10.84000015,387.7828064
10.85000038,417.4121399
10.85999966,400.3623657
10.86999989,463.3245239
10.88000011,432.7819519
10.89000034,405.1565857
10.89999962,472.2588806
10.90999985,419.3959351
10.92000008,439.8697205
10.93000031,430.7667542
10.93999958,472.5973206
10.94999981,419.6929016
10.96000004,450.9534912
10.97000027,493.3070679
10.97999954,466.263855
10.98999977,421.3120728
11,387.5
11.01000023,387.5
11.02000046,388.2857361
11.02999973,405.5142212
11.03999996,501.90802
11.05000019,512.5619507
11.06000042,420.6487732
11.06999969,337.3451843
11.07999992,380.6029968
11.09000015,400.7817078
11.10000038,453.8188477
11.10999966,441.7871399
11.11999989,356.0583801
11.13000011,426.9857178
11.14000034,449.3493347
11.14999962,434.9528809
11.15999985,357.3074951
11.17000008,395.5248718
11.18000031,394.3922119
11.18999958,426.7889099
11.19999981,402.5401001
11.21000004,484.2312012
11.22000027,386.6976624
11.22999954,434.1575623
11.23999977,444.7568359
11.25,424.95047
11.26000023,364.0473938
11.27000046,391.2842407
11.27999973,449.2599792
11.28999996,437.5
11.30000019,436.3227844
11.31000042,414.1385193
11.31999969,376.4388733
11.32999992,469.5346985
11.34000015,373.3893738
11.35000038,426.2255859
11.35999966,523.1130371
11.36999989,404.7552185
11.38000011,417.047821
11.39000034,427.4046021
11.39999962,478.4492188
11.40999985,459.8935852
11.42000008,402.5223694
11.43000031,461.1995544
11.43999958,430.1083984
11.44999981,452.1990967
11.46000004,399.5627441
11.47000027,389.1818542
11.47999954,439.5183105
11.48999977,498.4525146
11.5,446.669281
11.51000023,342.3283081
11.52000046,505.6412964
11.52999973,409.1859131
11.53999996,441.9696045
11.55000019,452.8312683
11.56000042,396.5516663
11.56999969,430.1770935
11.57999992,476.9655762
11.59000015,364.7636108
11.60000038,491.5992432
11.60999966,487.2526245
11.61999989,469.6520081
11.63000011,384.5999756
11.64000034,487.9057007
11.64999962,524.1311646
11.65999985,433.7402344
11.67000008,483.1067505
11.68000031,449.9772644
11.68999958,446.0392151
11.69999981,495.8217468
11.71000004,491.5348206
11.72000027,399.9946594
11.72999954,345.9005127
11.73999977,462.1990662
11.75,450.0489807
11.76000023,420.9866638
11.77000046,453.9468079
11.77999973,454.1666565
11.78999996,342.7097473
11.80000019,436.4832153
11.81000042,482.7857361
11.81999969,466.888092
11.82999992,446.13797
11.84000015,404.831665
11.85000038,445.1126099
11.85999966,511.2577209
11.86999989,516.5834351
11.88000011,418.7974243
11.89000034,506.2576599
11.89999962,483.9328308
11.90999985,475.210968
11.92000008,539.8898926
11.93000031,501.1661682
11.93999958,459.5551453
11.94999981,474.4890137
11.96000004,446.7664795
11.97000027,409.5831604
11.97999954,492.8002625
11.98999977,399.4331665
12,415.888916
12.01000023,392.6333313
12.02000046,447.6665955
12.02999973,469.9721985
12.03999996,395.0446167
12.05000019,411.5832825
12.06000042,432.3888245
12.06999969,469.0832214
12.07999992,458.9333496
12.09000015,450.4111328
12.10000038,430.2222595
12.10999966,464.7166443
12.11999989,466.6666565
12.13000011,450.9111023
12.14000034,453.9333496
12.14999962,462.0222473
12.15999985,431.1220398
12.17000008,429.1666565
12.18000031,487.8339233
12.18999958,436.9882202
12.19999981,448.9335632
12.21000004,539.5737915
12.22000027,549.72229
12.22999954,410.1967468
12.23999977,473.6797485
12.25,424.9539185
12.26000023,502.0360718
12.27000046,415.663208
12.27999973,481.5919189
12.28999996,533.7020874
12.30000019,429.8501587
12.31000042,459.2243347
12.31999969,454.8328857
12.32999992,484.790863
12.34000015,456.9200745
12.35000038,473.2514343
12.35999966,532.1712646
12.36999989,381.4587097
12.38000011,492.0782776
12.39000034,473.8081055
12.39999962,520.0940552
12.40999985,464.4598999
12.42000008,458.3333435
12.43000031,462.1060181
12.43999958,492.6373291
12.44999981,503.3565979
12.46000004,515.4349976
12.47000027,460.4078979
12.47999954,540.3030396
12.48999977,407.8977356
12.5,574.6330566
12.51000023,476.5218201
12.52000046,425.2703857
12.52999973,495.1820984
12.53999996,507.8785706
12.55000019,500.9205322
12.56000042,437.0851135
12.56999969,399.6038208
12.57999992,421.6621704
12.59000015,461.8431702
12.60000038,418.8422852
12.60999966,482.2923584
12.61999989,469.6600647
12.63000011,492.3024292
12.64000034,481.2063904
12.64999962,402.4910278
12.65999985,464.5808105
12.67000008,464.0794067
12.68000031,440.6918945
12.68999958,517.3417969
12.69999981,547.2849731
12.71000004,492.1095886
12.72000027,461.6575012
12.72999954,541.2973633
12.73999977,528.9553223
12.75,514.2116699
12.76000023,469.4126892
12.77000046,505.5212402
12.77999973,437.3284302
12.78999996,535.796936
12.80000019,489.9320374
12.81000042,468.477417
12.81999969,391.9573975
12.82999992,464.4166565
12.84000015,489.806427
12.85000038,435.0093689
12.85999966,470.9625549
12.86999989,369.7341003
12.88000011,455.7375183
12.89000034,471.4809265
12.89999962,460.292572
12.90999985,517.9708862
12.92000008,473.1251221
12.93000031,438.0202942
12.93999958,489.1990662
12.94999981,531.375
12.96000004,499.2131653
12.97000027,505.5671692
12.97999954,452.8191223
12.98999977,517.8778687
13,495.2881165
13.01000023,484.0468445
13.02000046,545.3915405
13.02999973,475.7207642
13.03999996,557.9976807
13.05000019,496.8175049
13.06000042,496.2953186
13.06999969,517.1011963
13.07999992,520.833313
13.09000015,483.3312988
13.10000038,478.4037781
13.10999966,509.7514343
13.11999989,506.4881897
13.13000011,490.6172791
13.14000034,477.3544006
13.14999962,468.2472229
13.15999985,510.4884338
13.17000008,574.6801758
13.18000031,527.0209351
13.18999958,465.5374146
13.19999981,454.1666565
13.21000004,487.6018372
13.22000027,505.8474731
13.22999954,508.3333435
13.23999977,488.3707581
13.25,493.2981873
13.26000023,535.6271362
13.27000046,492.8625183
13.27999973,469.2510681
13.28999996,469.9664001
13.30000019,520.2473145
13.31000042,546.4885254
13.31999969,625.5164795
13.32999992,537.6640625
13.34000015,550.8743896
13.35000038,555.9661255
13.35999966,583.5197754
13.36999989,523.2908325
13.38000011,471.6614075
13.39000034,514.4210205
13.39999962,490.2914734
13.40999985,495.3373413
13.42000008,454.7985535
13.43000031,473.8988037
13.43999958,534.8173828
13.44999981,643.1564941
13.46000004,552.180481
13.47000027,503.8611755
13.47999954,464.8449097
13.48999977,502.0235596
13.5,545.331665
13.51000023,554.166687
13.52000046,576.3853149
13.52999973,510.4547119
13.53999996,509.6422729
13.55000019,459.8275757
13.56000042,447.9712219
13.56999969,475.1745911
13.57999992,461.34375
13.59000015,447.8948364
13.60000038,480.2684937
13.60999966,494.791687
13.61999989,498.9529114
13.63000011,490.6576233
13.64000034,531.0214844
13.64999962,527.2139893
13.65999985,449.5843506
13.67000008,486.8467407
13.68000031,505.2464294
13.68999958,488.7594299
13.69999981,511.0173645
13.71000004,514.6921997
13.72000027,509.4348755
13.72999954,483.8559265
13.73999977,526.9219971
13.75,542.7845459
13.76000023,535.5799561
13.77000046,436.1200562
13.77999973,494.0067749
13.78999996,517.0585327
13.80000019,470.1975708
13.81000042,493.3768005
13.81999969,520.3762207
13.82999992,446.8623657
13.84000015,434.6658325
13.85000038,492.5718994
13.85999966,476.6321106
13.86999989,513.22052
13.88000011,518.442688
13.89000034,518.4453735
13.89999962,556.4404907
13.90999985,529.3676758
13.92000008,515.4564209
13.93000031,534.3724976
13.93999958,509.2656555
13.94999981,531.1147461
13.96000004,537.0292358
13.97000027,559.6967163
13.97999954,529.8995972
13.98999977,489.1526794
14,511.2095642
14.01000023,513.369751
14.02000046,548.9633179
14.02999973,534.8027344
14.03999996,546.8550415
14.05000019,523.7028198
14.06000042,511.2137756
14.06999969,495.2497864
14.07999992,496.1088562
14.09000015,522.9135742
14.10000038,513.3218994
14.10999966,472.7796936
14.11999989,512.4442749
14.13000011,514.7597656
14.14000034,498.4924316
14.14999962,493.0016479
14.15999985,517.1032104
14.17000008,486.8536072
14.18000031,500.4521484
14.18999958,600.9680176
14.19999981,560.3323364
14.21000004,492.8411255
14.22000027,551.8057861
14.22999954,548.4624023
14.23999977,501.3367615
14.25,479.1672363
14.26000023,475
14.27000046,430.73172
14.27999973,466.3218994
14.28999996,498.5892944
14.30000019,497.2494507
14.31000042,479.3624573
14.31999969,528.3678589
14.32999992,563.802002
14.34000015,498.4433594
14.35000038,492.4588318
14.35999966,568.1321411
14.36999989,613.5636597
14.38000011,615.4187012
14.39000034,555.7595825
14.39999962,500.7312622
14.40999985,468.6621094
14.42000008,485.1906128
14.43000031,483.9179993
14.43999958,525.8237305
14.44999981,591.5402222
14.46000004,553.888855
14.47000027,515.5158081
14.47999954,523.1134033
14.48999977,537.1105347
14.5,504.6707458
14.51000023,591.4573975
14.52000046,593.6356812
14.52999973,555.7069702
14.53999996,491.2626953
14.55000019,480.3227539
14.56000042,527.1559448
14.56999969,548.4381714
14.57999992,568.196106
14.59000015,558.4142456
14.60000038,491.471344
14.60999966,556.4979858
14.61999989,567.6867065
14.63000011,555.5075684
14.64000034,538.4282837
14.64999962,495.2159424
14.65999985,543.0755615
14.67000008,552.7216797
14.68000031,581.699585
14.68999958,589.6381226
14.69999981,536.9776001
14.71000004,515.0294189
14.72000027,567.1480103
14.72999954,526.9580688
14.73999977,526.9195557
14.75,528.2381592
14.76000023,505.83078
14.77000046,511.6582031
14.77999973,499.2240601
14.78999996,487.5
14.80000019,537.1209717
14.81000042,543.6008911
14.81999969,557.1138916
14.82999992,559.4472656
14.84000015,491.723114
14.85000038,525.3380127
14.85999966,550.5119019
14.86999989,528.4464722
14.88000011,559.1329956
14.89000034,559.0063477
14.89999962,502.8293457
14.90999985,525.8612061
14.92000008,504.501709
14.93000031,510.7245789
14.93999958,543.4274902
14.94999981,510.4602356
14.96000004,494.6853943
14.97000027,543.0157471
14.97999954,605.9971924
14.98999977,543.5213623
15,498.1560669
15.01000023,531.4464722
15.02000046,505.663208
15.02999973,482.0727539
15.03999996,471.0344238
15.05000019,519.3518677
15.06000042,557.3006592
15.06999969,559.3446045
15.07999992,524.7124634
15.09000015,498.6429749
15.10000038,534.3276367
15.10999966,518.9831543
15.11999989,522.1404419
15.13000011,568.4320679
15.14000034,562.6454468
15.14999962,561.8864136
15.15999985,513.2255249
15.17000008,483.0433044
15.18000031,495.4455261
15.18999958,471.219696
15.19999981,542.5614624
15.21000004,551.0924072
15.22000027,552.229126
15.22999954,557.2408447
15.23999977,563.4908447
15.25,494.7301331
15.26000023,475.6686401
15.27000046,519.6672974
15.27999973,550.8652344
15.28999996,571.7011108
15.30000019,540.8883667
15.31000042,526.9589844
15.31999969,544.821228
15.32999992,575.6821289
15.34000015,587.5
15.35000038,580.940979
15.35999966,596.8098755
15.36999989,584.0319824
15.38000011,497.7387085
15.39000034,508.6173401
15.39999962,497.5586548
15.40999985,504.4247742
15.42000008,514.9606934
15.43000031,488.2233276
15.43999958,508.2234497
15.44999981,512.6984253
15.46000004,563.3853149
15.47000027,608.4111938
15.47999954,604.0322876
15.48999977,528.2623901
15.5,500.4126587
15.51000023,543.8027954
15.52000046,535.3308716
15.52999973,518.743103
15.53999996,533.3460693
15.55000019,541.6816406
15.56000042,535.4075928
15.56999969,543.7067871
15.57999992,519.0458984
15.59000015,477.2086182
15.60000038,509.7785645
15.60999966,521.4047241
15.61999989,530.3881226
15.63000011,534.2606812
15.64000034,536.3627319
15.64999962,552.9386597
15.65999985,551.1481323
15.67000008,536.9730835
15.68000031,553.8411865
15.68999958,596.9297485
15.69999981,554.6685181
15.71000004,527.7060547
15.72000027,492.6094971
15.72999954,514.4753418
15.73999977,578.3272705
15.75,507.0444031
15.76000023,467.3663635
15.77000046,537.2582397
15.77999973,524.0524902
15.78999996,506.1184692
15.80000019,537.5307617
15.81000042,551.4215698
15.81999969,482.7059631
15.82999992,487.0830688
15.84000015,579.1947021
15.85000038,592.973999
15.85999966,559.6831665
15.86999989,514.9365845
15.88000011,506.1810608
15.89000034,542.8266602
15.89999962,561.7400513
15.90999985,572.7213745
15.92000008,586.2963867
15.93000031,581.225769
15.93999958,562.0775757
15.94999981,562.9330444
15.96000004,597.4246826
15.97000027,595.7163086
15.97999954,511.1228027
15.98999977,512.8624878
16,540.798645
16.01000023,547.5162354
16.02000046,558.0257568
16.03000069,510.6527405
16.04000092,512.6713867
16.04999924,570.2941284
16.05999947,564.149353
16.06999969,530.1655273
16.07999992,511.3580017
16.09000015,558.4765015
16.10000038,602.9716187
16.11000061,551.2850342
16.12000084,514.7628784
16.12999916,508.6353455
16.13999939,498.9521179
16.14999962,550.6452026
16.15999985,521.2572021
16.17000008,499.7509766
16.18000031,523.6460571
16.19000053,526.3751221
16.20000076,514.9324341
16.20999908,529.7896118
16.21999931,586.9162598
16.22999954,588.6557007
16.23999977,538.7045898
16.25,565.1644897
16.26000023,554.5700684
16.27000046,519.9083862
16.28000069,527.7271729
16.29000092,550
16.29999924,556.7253418
16.30999947,546.5541992
16.31999969,526.6911621
16.32999992,548.3284912
16.34000015,579.9155884
16.35000038,566.163208
16.36000061,528.8253174
16.37000084,612.0529175
16.37999916,651.0267944
16.38999939,585.954834
16.39999962,481.5593262
16.40999985,478.7821655
16.42000008,551.6178589
16.43000031,571.9053345
16.44000053,572.6755371
16.45000076,525.9625854
16.45999908,535.2041626
16.46999931,555.1503906
16.47999954,532.5518188
16.48999977,510.4903259
16.5,533.4384155
16.51000023,540.0334473
16.52000046,533.8825684
16.53000069,568.7391968
16.54000092,568.2849731
16.54999924,545.3522339
16.55999947,523.604248
16.56999969,504.6160889
16.57999992,507.8997498
16.59000015,538.2036743
16.60000038,579.8007202
16.61000061,513.2184448
16.62000084,520.7400513
16.62999916,570.6570435
16.63999939,519.1844482
16.64999962,559.3018799
16.65999985,559.4735107
16.67000008,540.4421387
16.68000031,567.0456543
16.69000053,530.1228638
16.70000076,499.0247803
16.70999908,493.034668
16.71999931,548.9647827
16.72999954,584.3153076
16.73999977,617.7545776
16.75,578.1779175
16.76000023,566.5690918
16.77000046,597.3679199
16.78000069,525.1174316
16.79000092,509.1464233
16.79999924,496.5198975
16.80999947,562.5
16.81999969,535.7675781
16.82999992,522.5811157
16.84000015,595.8106689
16.85000038,561.0675049
16.86000061,522.1925659
16.87000084,532.0513916
16.87999916,502.7103577
16.88999939,531.7382202
16.89999962,555.6755981
16.90999985,564.7802734
16.92000008,586.7670288
16.93000031,545.4753418
16.94000053,550.6755371
16.95000076,528.4122925
16.95999908,585.500061
16.96999931,584.7926025
16.97999954,539.1547852
16.98999977,576.9594116
17,523.9832153
17.01000023,466.1757507
17.02000046,491.1442261
17.03000069,505.7402039
17.04000092,521.9523315
17.04999924,559.2587891
17.05999947,520.5252075
17.06999969,501.8711548
17.07999992,537.703125
17.09000015,574.257019
17.10000038,582.8479614
17.11000061,548.6997681
17.12000084,515.4173584
17.12999916,514.9881592
17.13999939,544.3709717
17.14999962,548.1898193
17.15999985,456.9365845
17.17000008,512.5408936
17.18000031,495.3816833
17.19000053,582.2755737
17.20000076,569.8162231
17.20999908,495.8333435
17.21999931,505.4082642
17.22999954,536.3164063
17.23999977,547.0484009
17.25,536.253479
17.26000023,540.0558472
17.27000046,527.579834
17.28000069,575.8458252
17.29000092,521.4695435
17.29999924,501.0661316
17.30999947,620.5479126
17.31999969,608.4772339
17.32999992,540.2001953
17.34000015,568.9868774
17.35000038,530.9083862
17.36000061,591.666687
17.37000084,579.3655396
17.37999916,531.3637085
17.38999939,513.822937
17.39999962,559.5639038
17.40999985,534.2241821
17.42000008,585.5175781
17.43000031,559.0603027
17.44000053,479.6464233
17.45000076,523.1251831
17.45999908,542.737854
17.46999931,557.5588379
17.47999954,575.7557983
17.48999977,526.0001831
17.5,540.8227539
17.51000023,592.6443481
17.52000046,541.6517944
17.53000069,549.0787964
17.54000092,516.4203491
17.54999924,573.0219116
17.55999947,575.5635376
17.56999969,610.2427979
17.57999992,526.6182861
17.59000015,566.8204346
17.60000038,560.1546631
17.61000061,556.3328247
17.62000084,514.9349365
17.62999916,587.1968384
17.63999939,499.4835205
17.64999962,525
17.65999985,553.9998779
17.67000008,629.8097534
17.68000031,570.1497803
17.69000053,579.6663208
17.70000076,553.3734131
17.70999908,639.6538086
17.71999931,563.9469604
17.72999954,443.602478
17.73999977,519.4321899
17.75,562.012085
17.76000023,575.9144897
17.77000046,561.8908081
17.78000069,520.7929077
17.79000092,574.2615356
17.79999924,509.2374573
17.80999947,552.114563
17.81999969,555.6621094
17.82999992,644.5090332
17.84000015,614.442627
17.85000038,641.8377075
17.86000061,625.5648193
17.87000084,493.1430664
17.87999916,493.0757446
17.88999939,611.0738525
17.89999962,644.7473145
17.90999985,557.5559082
17.92000008,612.5227051
17.93000031,594.0321045
17.94000053,642.6776123
17.95000076,594.2024536
17.95999908,557.5214233
17.96999931,464.7293091
17.97999954,603.831543
17.98999977,635.9107666
18,628.3772583
18.01000023,621.0789795
18.02000046,587.8077393
18.03000069,517.4404297
18.04000092,530.0563965
18.04999924,570.0699463
18.05999947,570.4575806
18.06999969,589.0059814
18.07999992,604.0588989
18.09000015,632.0131836
18.10000038,591.1868896
18.11000061,584.9037476
18.12000084,485.1776428
18.12999916,536.2203979
18.13999939,565.0480347
18.14999962,622.5610962
18.15999985,565.5358887
18.17000008,626.2451172
18.18000031,552.0873413
18.19000053,561.8093872
18.20000076,563.1310425
18.20999908,571.8555908
18.21999931,514.6165161
18.22999954,620.6071167
18.23999977,567.4588013
18.25,628.2682495
18.26000023,575.8955688
18.27000046,552.4921265
18.28000069,527.9154663
18.29000092,568.5825806
18.29999924,572.8322144
18.30999947,532.473938
18.31999969,519.7432251
18.32999992,613.2763062
18.34000015,627.5750122
18.35000038,554.3381958
18.36000061,591.5183105
18.37000084,525.0262451
18.37999916,570.8565063
18.38999939,537.0322876
18.39999962,483.3333435
18.40999985,483.3333435
18.42000008,491.9009399
18.43000031,552.6251831
18.44000053,593.0292969
18.45000076,583.8898315
18.45999908,630.107605
18.46999931,569.9788208
18.47999954,663.6586914
18.48999977,582.6860962
18.5,548.9406128
18.51000023,533.2744751
18.52000046,486.4252625
18.53000069,556.383728
18.54000092,489.9498901
18.54999924,549.5908203
18.55999947,622.5418701
18.56999969,528.782959
18.57999992,650
18.59000015,634.0588989
18.60000038,511.54422
18.61000061,511.2572632
18.62000084,562.9264526
18.62999916,536.1074219
18.63999939,561.076355
18.64999962,579.7173462
18.65999985,548.6595459
18.67000008,548.0994873
18.68000031,632.2623901
18.69000053,584.480957
18.70000076,562.5945435
18.70999908,597.4743042
18.71999931,566.6845703
18.72999954,495.772644
18.73999977,533.333313
18.75,540.5378418
18.76000023,598.0612793
18.77000046,496.1009216
18.78000069,465.2585754
18.79000092,528.3989868
18.79999924,489.2753296
18.80999947,588.7128906
18.81999969,560.1536255
18.82999992,575.9367065
18.84000015,544.4963989
18.85000038,573.6057739
18.86000061,562.7973022
18.87000084,606.7503662
18.87999916,547.661499
18.88999939,616.9945679
18.89999962,614.7017822
18.90999985,542.9368286
18.92000008,563.3314819
18.93000031,625
18.94000053,620.7712402
18.95000076,566.963562
18.95999908,574.0422974
18.96999931,615.2338867
18.97999954,590.2053833
18.98999977,517.472229
19,583.9760132
19.01000023,537.3220215
19.02000046,596.0940552
19.03000069,598.9776611
19.04000092,581.329895
19.04999924,551.2263794
19.05999947,571.3135376
19.06999969,580.8113403
19.07999992,605.805603
19.09000015,559.8043823
19.10000038,515.133728
19.11000061,561.8570557
19.12000084,552.7191162
19.12999916,602.3306274
19.13999939,570.6436157
19.14999962,648.8378296
19.15999985,625.5656128
19.17000008,633.4655762
19.18000031,546.7244873
19.19000053,567.0128174
19.20000076,572.1453857
19.20999908,507.9102783
19.21999931,596.2172852
19.22999954,501.5245972
19.23999977,540.9301147
19.25,522.2548828
19.26000023,560.855957
19.27000046,513.4229736
19.28000069,540.2729492
19.29000092,498.8721313
19.29999924,597.9047852
19.30999947,526.1125488
19.31999969,568.2582397
19.32999992,627.147583
19.34000015,546.4082031
19.35000038,569.7454224
19.36000061,522.4580688
19.37000084,598.8748779
19.37999916,542.3436279
19.38999939,577.7652588
19.39999962,496.6773682
19.40999985,551.0760498
19.42000008,623.251709
19.43000031,493.0523987
19.44000053,608.4663696
19.45000076,619.9708862
19.45999908,528.9963989
19.46999931,508.7092285
19.47999954,562.9754639
19.48999977,645.8519897
19.5,649.7976685
19.51000023,587.3163452
19.52000046,495.8974609
19.53000069,579.1279907
19.54000092,529.2515869
19.54999924,529.166687
19.55999947,599.7049561
19.56999969,566.8466187
19.57999992,566.666687
19.59000015,517.0599365
19.60000038,574.4692993
19.61000061,517.2693481
19.62000084,524.9036255
19.62999916,520.8866577
19.63999939,557.8071899
19.64999962,500.8903198
19.65999985,545.0773315
19.67000008,582.6685791
19.68000031,607.859314
19.69000053,555.260376
19.70000076,558.2440796
19.70999908,603.1282349
19.71999931,530.958313
19.72999954,598.2206421
19.73999977,624.3411865
19.75,572.3274536
19.76000023,595.112915
19.77000046,620.0821533
19.78000069,572.3972778
19.79000092,586.9581909
19.79999924,579.4478149
19.80999947,643.5018311
19.81999969,525.3587646
19.82999992,613.0791626
19.84000015,584.6221924
19.85000038,607.3359375
19.86000061,548.4037476
19.87000084,625.6368408
19.87999916,545.4806519
19.88999939,577.4859619
19.89999962,622.8894043
19.90999985,597.2123413
19.92000008,504.6488342
19.93000031,642.5390625
19.94000053,547.1883545
19.95000076,521.9208374
19.95999908,552.3856812
19.96999931,668.3953247
19.97999954,553.0523071
19.98999977,549.7620239
20,624.5474854
20.01000023,511.6138306
20.02000046,562.866272
20.03000069,551.0339355
20.04000092,503.1632385
20.04999924,519.4896851
20.05999947,548.0830688
20.06999969,557.7753906
20.07999992,538.9204102
20.09000015,553.0098267
20.10000038,592.8900757
20.11000061,549.4266357
20.12000084,630.7996216
20.12999916,548.7893066
20.13999939,611.0003052
20.14999962,582.0458984
20.15999985,556.1168823
20.17000008,611.7144165
20.18000031,547.701416
20.19000053,583.7557983
20.20000076,576.036499
20.20999908,529.2073364
20.21999931,582.1641235
20.22999954,511.3834839
20.23999977,572.5794678
20.25,552.5974731
20.26000023,550
20.27000046,534.8585205
20.28000069,552.2346191
20.29000092,588.1430054
20.29999924,557.7363281
20.30999947,614.4054565
20.31999969,560.6763306
20.32999992,550.4119873
20.34000015,677.486084
20.35000038,601.7991333
20.36000061,576.7091675
20.37000084,552.5944214
20.37999916,613.3955688
20.38999939,650.6256714
20.39999962,524.0039063
20.40999985,478.6227112
20.42000008,556.5918579
20.43000031,566.666687
20.44000053,574.0636597
20.45000076,575
20.45999908,575
20.46999931,604.4655151
20.47999954,630.4017944
20.48999977,574.5657349
20.5,618.0168457
20.51000023,570.0585327
20.52000046,610.0496216
20.53000069,602.0564575
20.54000092,556.2305298
20.54999924,593.7081909
20.55999947,581.8137817
20.56999969,611.855957
20.57999992,613.0396118
20.59000015,485.7320251
20.60000038,520.9192505
20.61000061,615.8483887
20.62000084,582.2803345
20.62999916,575
20.63999939,564.2106934
20.64999962,619.9614258
20.65999985,575.3730469
20.67000008,555.9232178
20.68000031,482.6458435
20.69000053,570.8197632
20.70000076,673.0802612
20.70999908,619.8457642
20.71999931,554.9985962
20.72999954,535.1817017
20.73999977,529.7879028
20.75,507.9244995
20.76000023,557.1956177
20.77000046,563.1364746
20.78000069,576.6002808
20.79000092,575.6466675
20.79999924,606.6339722
20.80999947,559.8531494
20.81999969,578.0375366
20.82999992,583.333313
20.84000015,590.3223267
20.85000038,619.5819702
20.86000061,621.515686
20.87000084,669.5425415
20.87999916,571.4683838
20.88999939,636.7261963
20.89999962,574.4956665
20.90999985,568.7098999
20.92000008,605.3710938
20.93000031,609.0513306
20.94000053,567.0101929
20.95000076,541.1408081
20.95999908,585.5678101
20.96999931,499.84021
20.97999954,544.2081909
20.98999977,616.4418335
21,533.6009521
21.01000023,597.6993408
21.02000046,538.4002686
21.03000069,537.8223267
21.04000092,609.520874
21.04999924,567.4103394
21.05999947,581.2269897
21.06999969,580.7451172
21.07999992,585.911377
21.09000015,560.5617065
21.10000038,581.06427
21.11000061,553.928833
21.12000084,535.7772217
21.12999916,576.8436279
21.13999939,604.2092896
21.14999962,648.3746948
21.15999985,578.3726196
21.17000008,548.3535156
21.18000031,608.9424438
21.19000053,555.3545532
21.20000076,530.8772583
21.20999908,558.9232178
21.21999931,560.06427
21.22999954,597.8868408
21.23999977,542.5124512
21.25,571.003479
21.26000023,589.8950806
21.27000046,486.8408813
21.28000069,579.3502197
21.29000092,537.3900757
21.29999924,523.1878052
21.30999947,567.3214111
21.31999969,582.4170532
21.32999992,563.8613281
21.34000015,590.7359009
21.35000038,629.1166382
21.36000061,585.8182983
21.37000084,599.8585815
21.37999916,627.6530762
21.38999939,578.6804199
21.39999962,642.7450562
21.40999985,580.1390381
21.42000008,602.161438
21.43000031,575.137146
21.44000053,527.4154663
21.45000076,599.461853
21.45999908,555.0541382
21.46999931,609.5161133
21.47999954,633.333313
21.48999977,573.2147217
21.5,544.6894531
21.51000023,506.9727478
21.52000046,533.6204224
21.53000069,602.4226685
21.54000092,576.8904419
21.54999924,531.1629028
21.55999947,567.7628784
21.56999969,602.0747681
21.57999992,623.9258423
21.59000015,579.3518066
21.60000038,537.6331177
21.61000061,578.8193359
21.62000084,592.7351074
21.62999916,607.1324463
21.63999939,581.6191406
21.64999962,564.6672974
21.65999985,590.2015381
21.67000008,560.0524902
21.68000031,570.3758545
21.69000053,588.3549194
21.70000076,567.2052002
21.70999908,564.4385376
21.71999931,603.2373047
21.72999954,592.3267822
21.73999977,513.4726563
21.75,578.4707031
21.76000023,536.817688
21.77000046,526.4666748
21.78000069,617.8139038
21.79000092,622.8911133
21.79999924,591.4507446
21.80999947,604.347168
21.81999969,597.5154419
21.82999992,492.9356689
21.84000015,537.7966919
21.85000038,579.7785034
21.86000061,502.9634399
21.87000084,503.5209351
21.87999916,543.3655396
21.88999939,586.7429199
21.89999962,582.2614746
21.90999985,557.2918701
21.92000008,547.0537109
21.93000031,539.9508667
21.94000053,584.4788818
21.95000076,566.0620728
21.95999908,547.0739136
21.96999931,551.675354
21.97999954,574.5783081
21.98999977,513.4720459
22,553.0732422
22.01000023,534.0202026
22.02000046,567.5186157
22.03000069,600.338623
22.04000092,595.5098877
22.04999924,594.5472412
22.05999947,610.2107544
22.06999969,590.8327637
22.07999992,616.4165649
22.09000015,567.5458984
22.10000038,588.8948364
22.11000061,515.5927124
22.12000084,510.6655884
22.12999916,560.4078369
22.13999939,603.3505249
22.14999962,562.8966675
22.15999985,579.8742065
22.17000008,574.6209717
22.18000031,537.1664429
22.19000053,561.5272217
22.20000076,612.8234863
22.20999908,556.3748779
22.21999931,557.1635742
22.22999954,549.8937378
22.23999977,562.560791
22.25,588.8973999
22.26000023,534.7958984
22.27000046,592.7868042
22.28000069,584.9777222
22.29000092,530.7405396
22.29999924,563.4885864
22.30999947,546.2622681
22.31999969,560.6737061
22.32999992,655.8610229
22.34000015,602.8760986
22.35000038,575.9985962
22.36000061,598.395752
22.37000084,566.1021729
22.37999916,600.1102295
22.38999939,556.0291138
22.39999962,532.8891602
22.40999985,563.2562866
22.42000008,550.7570801
22.43000031,540.1885986
22.44000053,544.3502197
22.45000076,577.9755859
22.45999908,611.8742065
22.46999931,628.838623
22.47999954,604.0360718
22.48999977,595.4750366
22.5,597.3466797
22.51000023,601.1298218
22.52000046,596.2370605
22.53000069,560.008667
22.54000092,575.8972778
22.54999924,574.8086548
22.55999947,523.1544189
22.56999969,520.9439697
22.57999992,535.9462891
22.59000015,592.2661743
22.60000038,687.4689331
22.61000061,641.8693848
22.62000084,537.2180786
22.62999916,571.4481201
22.63999939,597.0037231
22.64999962,592.6553345
22.65999985,613.8417358
22.67000008,529.9992065
22.68000031,478.5209961
22.69000053,511.4659424
22.70000076,552.138916
22.70999908,576.8563843
22.71999931,557.9094238
22.72999954,556.8908081
22.73999977,607.1837769
22.75,582.7877197
22.76000023,547.4777832
22.77000046,523.1784668
22.78000069,530.9428711
22.79000092,545.833313
22.79999924,550.8375244
22.80999947,649.0549316
22.81999969,602.8510132
22.82999992,529.166687
22.84000015,563.9140015
22.85000038,518.1463623
22.86000061,500.4959106
22.87000084,543.0349731
22.87999916,565.71875
22.88999939,561.0062256
22.89999962,537.0044556
22.90999985,515.2131348
22.92000008,552.2835083
22.93000031,561.4035645
22.94000053,523.9488525
22.95000076,554.4382935
22.95999908,628.6662598
22.96999931,597.9205322
22.97999954,592.7503662
22.98999977,640.0848999
23,608.5397339
23.01000023,527.0722656
23.02000046,508.4061584
23.03000069,566.1734619
23.04000092,571.4244995
23.04999924,504.8510132
23.05999947,575.1675415
23.06999969,618.673645
23.07999992,560.9714355
23.09000015,582.2667236
23.10000038,579.0488281
23.11000061,629.7668457
23.12000084,651.8687134
23.12999916,609.1531982
23.13999939,613.9859619
23.14999962,559.8728027
23.15999985,489.7658081
23.17000008,528.2660522
23.18000031,561.5897827
23.19000053,591.0604248
23.20000076,577.1174927
23.20999908,576.1037598
23.21999931,613.3297729
23.22999954,613.9760742
23.23999977,619.7369995
23.25,638.2694702
23.26000023,625.3972778
23.27000046,610.598999
23.28000069,580.8512573
23.29000092,515.8214722
23.29999924,539.5977173
23.30999947,583.0089111
23.31999969,545.5587769
23.32999992,568.083252
23.34000015,561.1989746
23.35000038,561.1757813
23.36000061,624.4247437
23.37000084,610.3867798
23.37999916,585.7978516
23.38999939,560.7915649
23.39999962,553.1364136
23.40999985,568.6380005
23.42000008,588.5696411
23.43000031,547.1456299
23.44000053,520.0099487
23.45000076,567.5856323
23.45999908,589.6702271
23.46999931,621.9793091
23.47999954,613.2770996
23.48999977,570.5460815
23.5,584.0012817
23.51000023,539.8134155
23.52000046,573.3305664
23.53000069,632.6090088
23.54000092,591.3863525
23.54999924,557.9163818
23.55999947,577.7802124
23.56999969,593.4017334
23.57999992,572.9432983
23.59000015,558.1603394
23.60000038,550.0664063
23.61000061,581.3774414
23.62000084,566.5484619
23.62999916,537.5062256
23.63999939,558.312561
23.64999962,583.2824097
23.65999985,581.3444824
23.67000008,587.3148193
23.68000031,589.795166
23.69000053,519.4637451
23.70000076,522.010376
23.70999908,534.1821289
23.71999931,542.572876
23.72999954,618.3125
23.73999977,623.2920532
23.75,602.2592773
23.76000023,565.538208
23.77000046,565.5678711
23.78000069,597.9903564
23.79000092,599.8425903
23.79999924,588.1697388
23.80999947,598.7578125
23.81999969,577.4373169
23.82999992,493.0492554
23.84000015,511.9890747
23.85000038,540.9974976
23.86000061,522.3477173
23.87000084,537.2623901
23.87999916,561.2617798
23.88999939,583.333313
23.89999962,583.333313
23.90999985,618.3339233
23.92000008,598.2098999
23.93000031,544.6422729
23.94000053,533.5583496
23.95000076,565.4306641
23.95999908,586.003479
23.96999931,522.7477417
23.97999954,521.1812134
23.98999977,537.6149292
24,590.9906616
24.01000023,640.1549683
24.02000046,637.550354
24.03000069,578.5817261
24.04000092,586.362854
24.04999924,640.2103271
24.05999947,554.8217773
24.06999969,499.3482361
24.07999992,518.3917847
24.09000015,499.5639343
24.10000038,549.0407715
24.11000061,569.9452515
24.12000084,552.8154907
24.12999916,523.8221436
24.13999939,468.3944702
24.14999962,464.3456116
24.15999985,520.539856
24.17000008,608.793457
24.18000031,654.2210083
24.19000053,587.3704224
24.20000076,556.4395752
24.20999908,564.413147
24.21999931,589.2647705
24.22999954,553.5895996
24.23999977,544.571167
24.25,565.5107422
24.26000023,577.7943726
24.27000046,579.4681396
24.28000069,556.3883667
24.29000092,556.7999878
24.29999924,553.2424927
24.30999947,576.7441406
24.31999969,591.3407593
24.32999992,603.1308594
24.34000015,582.0001221
24.35000038,602.1553345
24.36000061,594.7250977
24.37000084,528.1646118
24.37999916,536.8629761
24.38999939,530.6743774
24.39999962,585.1947632
24.40999985,594.9176025
24.42000008,545.2718506
24.43000031,538.9093628
24.44000053,609.0794678
24.45000076,606.7337646
24.45999908,570.7475586
24.46999931,539.913269
24.47999954,605.0906372
24.48999977,565.0753174
24.5,536.8070679
24.51000023,511.7343445
24.52000046,525.4750977
24.53000069,525.651123
24.54000092,541.7935181
24.54999924,611.7269897
24.55999947,582.6199951
24.56999969,590.1652222
24.57999992,573.848877
24.59000015,597.7301025
24.60000038,581.3515625
24.61000061,612.2470703
24.62000084,593.2557983
24.62999916,594.2492065
24.63999939,612.1951904
24.64999962,612.7768555
24.65999985,581.8701172
24.67000008,597.371521
24.68000031,569.2471924
24.69000053,590.6082764
24.70000076,594.2841797
24.70999908,588.5784302
24.71999931,557.1680298
24.72999954,547.7851563
24.73999977,609.8624878
24.75,557.6307983
24.76000023,467.0574341
24.77000046,512.8537598
24.78000069,582.1849976
24.79000092,599.5332642
24.79999924,628.3291626
24.80999947,634.1958618
24.81999969,591.0499268
24.82999992,528.5949707
24.84000015,518.416748
24.85000038,535.0634155
24.86000061,561.9944458
24.87000084,601.9160156
24.87999916,601.8637085
24.88999939,556.4872437
24.89999962,556.3397217
24.90999985,601.7761841
24.92000008,596.3665771
24.93000031,552.8684692
24.94000053,534.0363159
24.95000076,533.0757446
24.95999908,598.1253662
24.96999931,558.4094238
24.97999954,579.3500366
24.98999977,590.1239624
25,561.100708
25.01000023,555.5447388
25.02000046,554.1678467
25.03000069,568.0371704
25.04000092,557.0977783
25.04999924,509.7513733
25.05999947,543.8769531
25.06999969,594.9847412
25.07999992,542.8486938
25.09000015,520.5153198
25.10000038,481.9100647
25.11000061,580.6445923
25.12000084,565.6243896
25.12999916,565.8490601
25.13999939,604.3451538
25.14999962,585.2381592
25.15999985,583.6105347
25.17000008,637.0531616
25.18000031,600.4801636
25.19000053,519.857605
25.20000076,572.7116089
25.20999908,522.8556519
25.21999931,527.7807617
25.22999954,528.6033325
25.23999977,593.9640503
25.25,571.5682983
25.26000023,632.9431152
25.27000046,564.8838501
25.28000069,556.7810669
25.29000092,585.3939209
25.29999924,589.5766602
25.30999947,604.708313
25.31999969,556.093689
25.32999992,579.0119629
25.34000015,535.3146973
25.35000038,536.5292358
25.36000061,534.6572876
25.37000084,609.5479736
25.37999916,614.9193115
25.38999939,623.2426758
25.39999962,623.1682739
25.40999985,617.8908691
25.42000008,645.2357788
25.43000031,631.6571045
25.44000053,575
25.45000076,593.7958374
25.45999908,618.2715454
25.46999931,558.333313
25.47999954,561.8126831
25.48999977,573.1429443
25.5,543.522522
25.51000023,486.6343689
25.52000046,574.2145996
25.53000069,555.6742554
25.54000092,575.3527832
25.54999924,566.1272583
25.55999947,513.9328003
25.56999969,522.4771729
25.57999992,521.9254761
25.59000015,580.777832
25.60000038,598.4337158
25.61000061,581.7830811
25.62000084,602.6901245
25.62999916,589.1050415
25.63999939,617.286438
25.64999962,579.0332031
25.65999985,572.0169067
25.67000008,599.2157593
25.68000031,661.9555664
25.69000053,703.6293335
25.70000076,579.166687
25.70999908,581.256958
25.71999931,583.3394165
25.72999954,567.7278442
25.73999977,573.7860718
25.75,615.7073364
25.76000023,597.9595947
25.77000046,589.6361694
25.78000069,579.2922974
25.79000092,560.6350708
25.79999924,556.6709595
25.80999947,607.1525879
25.81999969,602.802124
25.82999992,568.1867676
25.84000015,593.1375122
25.85000038,561.0795898
25.86000061,539.8410034
25.87000084,573.0691528
25.87999916,572.4292603
25.88999939,587.8448486
25.89999962,575.9504395
25.90999985,564.984314
25.92000008,533.5958252
25.93000031,586.9890137
25.94000053,569.902771
25.95000076,577.7734375
25.95999908,606.5402222
25.96999931,570.833313
25.97999954,568.1014404
25.98999977,567.3897705
26,592.7946777
26.01000023,563.0839233
26.02000046,556.2349243
26.03000069,595.9954224
26.04000092,633.6724854
26.04999924,534.6605835
26.05999947,553.6141357
26.06999969,687.7703857
26.07999992,557.8848877
26.09000015,587.9055786
26.10000038,534.3595581
26.11000061,561.5285645
26.12000084,535.9318237
26.12999916,568.2995605
26.13999939,541.6190186
26.14999962,597.5957031
26.15999985,546.77771
26.17000008,528.9069214
26.18000031,566.1900635
26.19000053,521.3666382
26.20000076,563.1398315
26.20999908,583.333313
26.21999931,595.2001953
26.22999954,638.7579956
26.23999977,625.519043
26.25,688.3571167
26.26000023,619.762085
26.27000046,535.5368042
26.28000069,531.1710815
26.29000092,624.2579346
26.29999924,599.8620605
26.30999947,666.7904053
26.31999969,642.5109863
26.32999992,678.3936157
26.34000015,564.9158936
26.35000038,589.2955322
26.36000061,546.7902222
26.37000084,511.7277222
26.37999916,602.6414185
26.38999939,565.8153076
26.39999962,527.1471558
26.40999985,565.9954834
26.42000008,606.9329834
26.43000031,624.2663574
26.44000053,632.8054199
26.45000076,589.5299683
26.45999908,605.3734741
26.46999931,631.999939
26.47999954,626.9851685
26.48999977,636.1864624
26.5,619.3900146
26.51000023,557.6113892
26.52000046,523.0953979
26.53000069,607.987793
26.54000092,615.8972168
26.54999924,554.2047119
26.55999947,634.9508667
26.56999969,665.7546387
26.57999992,538.0858765
26.59000015,646.7178955
26.60000038,548.1463623
26.61000061,525.6351929
26.62000084,605.9429321
26.62999916,600.8148193
26.63999939,504.7488098
26.64999962,522.1850586
26.65999985,602.6115112
26.67000008,551.3520508
26.68000031,464.2868652
26.69000053,534.7392578
26.70000076,570.2810669
26.70999908,569.4031982
26.71999931,588.0423584
26.72999954,580.9193726
26.73999977,505.1389771
26.75,500.2106934
26.76000023,611.9646606
26.77000046,585.8937988
26.78000069,638.458313
26.79000092,660.2817993
26.79999924,553.1615601
26.80999947,553.7945557
26.81999969,611.0221558
26.82999992,602.4381714
26.84000015,610.2148438
26.85000038,540.6311646
26.86000061,631.5302124
26.87000084,642.0484009
26.87999916,579.166687
26.88999939,570.0107422
26.89999962,511.6821594
26.90999985,640.7709351
26.92000008,628.4616699
26.93000031,600.1992798
26.94000053,696.2111816
26.95000076,585.2472534
26.95999908,535.9345093
26.96999931,587.0549927
26.97999954,515.3551025
26.98999977,575.9020996
27,550.2674561
27.01000023,581.7134399
27.02000046,499.6878967
27.03000069,608.1265869
27.04000092,523.4671631
27.04999924,507.9550781
27.05999947,512.3786621
27.06999969,598.0431519
27.07999992,618.6533813
27.09000015,602.2837524
27.10000038,661.9986572
27.11000061,567.7119141
27.12000084,578.8232422
27.12999916,574.3230591
27.13999939,563.6651611
27.14999962,534.4231567
27.15999985,596.8040161
27.17000008,600.3685913
27.18000031,510.4390259
27.19000053,586.5740356
27.20000076,571.6595459
27.20999908,532.7511597
27.21999931,579.7541504
27.22999954,592.1202393
27.23999977,650.1935425
27.25,594.7180176
27.26000023,583.8221436
27.27000046,648.3867188
27.28000069,620.2495728
27.29000092,556.7324829
27.29999924,653.2539063
27.30999947,572.0119629
27.31999969,525.9761353
27.32999992,542.6229248
27.34000015,560.2060547
27.35000038,588.6881104
27.36000061,540.6381226
27.37000084,591.6688843
27.37999916,518.8087769
27.38999939,561.8904419
27.39999962,627.5324707
27.40999985,595.2354126
27.42000008,585.8596802
27.43000031,632.9552612
27.44000053,541.3722534
27.45000076,624.461731
27.45999908,613.0233765
27.46999931,621.7797852
27.47999954,547.9720459
27.48999977,595.213623
27.5,476.5457764
27.51000023,516.9658813
27.52000046,525.8678589
27.53000069,552.2346802
27.54000092,617.3401489
27.54999924,634.6459351
27.55999947,546.3323975
27.56999969,562.260437
27.57999992,552.7887573
27.59000015,506.4736023
27.60000038,590.40802
27.61000061,542.6658325
27.62000084,583.1434326
27.62999916,575.8098145
27.63999939,612.1599731
27.64999962,594.6326904
27.65999985,534.9849243
27.67000008,624.5794067
27.68000031,599.0881348
27.69000053,542.1480103
27.70000076,574.0064697
27.70999908,500.6529846
27.71999931,555.1171265
27.72999954,641.46521
27.73999977,621.0452881
27.75,645.1351929
27.76000023,550.3300171
27.77000046,603.8604126
27.78000069,541.5585327
27.79000092,512.7095947
27.79999924,595.7781982
27.80999947,554.1568604
27.81999969,479.2463074
27.82999992,620.5139771
27.84000015,533.6349487
27.85000038,649.4588013
27.86000061,616.8610229
27.87000084,583.5674438
27.87999916,570.9360352
27.88999939,525.4312134
27.89999962,537.3674927
27.90999985,619.8505859
27.92000008,505.6816711
27.93000031,541.1350098
27.94000053,492.4351807
27.95000076,557.229187
27.95999908,562.4260254
27.96999931,603.3771973
27.97999954,669.4906616
27.98999977,540.3442383
28,553.7912598
28.01000023,546.0309448
28.02000046,606.7765503
28.03000069,644.8545532
28.04000092,564.7744751
28.04999924,534.1641846
28.05999947,525.2473145
28.06999969,472.5054626
28.07999992,632.15625
28.09000015,512.6287842
28.10000038,532.472168
28.11000061,525.2969971
28.12000084,633.3564453
28.12999916,625.4752808
28.13999939,588.9705811
28.14999962,531.5238037
28.15999985,636.9865723
28.17000008,522.0158081
28.18000031,564.4674072
28.19000053,522.9039917
28.20000076,564.5413818
28.20999908,463.4859009
28.21999931,557.4214478
28.22999954,602.0855713
28.23999977,552.7700195
28.25,573.6917114
28.26000023,618.380188
28.27000046,565.6917114
28.28000069,554.6325684
28.29000092,589.5253906
28.29999924,552.428833
28.30999947,589.1881714
28.31999969,619.0635986
28.32999992,636.4688721
28.34000015,508.6708984
28.35000038,546.7873535
28.36000061,518.8482056
28.37000084,540.0007324
28.37999916,619.3474731
28.38999939,648.2744141
28.39999962,646.1259155
28.40999985,634.2258911
28.42000008,602.4199829
28.43000031,557.5487671
28.44000053,554.166687
28.45000076,561.8651733
28.45999908,570.1885986
28.46999931,590.0299683
28.47999954,583.9979248
28.48999977,548.8687744
28.5,538.1844482
28.51000023,548.958374
28.52000046,534.7420044
28.53000069,548.5714111
28.54000092,504.3453064
28.54999924,511.3987732
28.55999947,527.6784668
28.56999969,559.4838867
28.57999992,562.5
28.59000015,600.2971802
28.60000038,528.6716309
28.61000061,539.682251
28.62000084,632.0222778
28.62999916,596.5484619
28.63999939,610.4411011
28.64999962,582.5006714
28.65999985,552.9520264
28.67000008,606.0996704
28.68000031,590.0899658
28.69000053,587.5
28.70000076,621.0256958
28.70999908,558.0380859
28.71999931,646.5935669
28.72999954,654.6231689
28.73999977,491.1377563
28.75,559.6389771
28.76000023,459.9753418
28.77000046,545.4713745
28.78000069,576.7600098
28.79000092,590.2077637
28.79999924,584.3158569
28.80999947,616.3671875
28.81999969,584.178772
28.82999992,553.5432129
28.84000015,601.1773071
28.85000038,626.5861206
28.86000061,629.166687
28.87000084,578.197998
28.87999916,650.817627
28.88999939,564.4716187
28.89999962,604.3856812
28.90999985,594.3963013
28.92000008,584.4351196
28.93000031,514.7279663
28.94000053,558.2542725
28.95000076,599.0745239
28.95999908,561.0158081
28.96999931,518.2573242
28.97999954,573.4614258
28.98999977,629.8862915
29,612.4677734
29.01000023,558.338501
29.02000046,535.7356567
29.03000069,561.8223267
29.04000092,577.335144
29.04999924,596.9226074
29.05999947,532.6218872
29.06999969,538.5395508
29.07999992,637.1462402
29.09000015,590.6030273
29.10000038,508.639801
29.11000061,559.2180786
29.12000084,535.6692505
29.12999916,588.861084
29.13999939,578.9611816
29.14999962,641.5285034
29.15999985,556.263855
29.17000008,568.9240723
29.18000031,571.5134277
29.19000053,619.5760498
29.20000076,535.2969971
29.20999908,547.9118042
29.21999931,516.0327759
29.22999954,587.9534912
29.23999977,604.166687
29.25,573.1004028
29.26000023,597.6882324
29.27000046,576.6317139
29.28000069,570.833313
29.29000092,636.039978
29.29999924,571.1799316
29.30999947,571.2766113
29.31999969,523.7446899
29.32999992,584.1530762
29.34000015,623.8495483
29.35000038,605.3518677
29.36000061,620.3828735
29.37000084,625
29.37999916,591.1279907
29.38999939,579.9511108
29.39999962,589.2984619
29.40999985,503.9870605
29.42000008,567.5164185
29.43000031,567.3258667
29.44000053,491.9949646
29.45000076,592.3344116
29.45999908,647.612854
29.46999931,600.6871338
29.47999954,644.2375488
29.48999977,638.3381348
29.5,646.6435547
29.51000023,646.6774292
29.52000046,612.6571045
29.53000069,637.2931519
29.54000092,556.526001
29.54999924,563.0576782
29.55999947,570.833313
29.56999969,560.9550171
29.57999992,591.2113037
29.59000015,639.3939209
29.60000038,561.4979248
29.61000061,563.6830444
29.62000084,564.2974854
29.62999916,546.1853027
29.63999939,554.6985474
29.64999962,564.8393555
29.65999985,618.6351318
29.67000008,513.340271
29.68000031,553.6426392
29.69000053,597.6317749
29.70000076,536.3756714
29.70999908,487.6581421
29.71999931,543.5306396
29.72999954,517.5148315
29.73999977,593.9978027
29.75,566.3775024
29.76000023,601.1729736
29.77000046,555.9932251
29.78000069,524.746521
29.79000092,559.0340576
29.79999924,583.5470581
29.80999947,609.7141724
29.81999969,578.6448975
29.82999992,563.5031738
29.84000015,578.2926636
29.85000038,507.6478271
29.86000061,562.0480957
29.87000084,587.5
29.87999916,477.6474304
29.88999939,560.7462158
29.89999962,571.8416748
29.90999985,606.2321777
29.92000008,570.9332886
29.93000031,519.9151001
29.94000053,530.0949707
29.95000076,553.019165
29.95999908,545.9378662
29.96999931,634.4833374
29.97999954,688.2890625
29.98999977,563.2238159
30,605.9567261
30.01000023,594.4640503
30.02000046,557.6835327
30.03000069,608.2169189
30.04000092,604.6940918
30.04999924,589.7251587
30.05999947,593.5982666
30.06999969,620.1865234
30.07999992,613.9707642
30.09000015,544.6150513
30.10000038,508.7164001
30.11000061,537.4334717
30.12000084,622.4627686
30.12999916,595.7424927
30.13999939,538.8880005
30.14999962,549.0348511
30.15999985,555.3339233
30.17000008,566.1442871
30.18000031,567.8438721
30.19000053,578.6044922
30.20000076,619.0871582
30.20999908,615.4862671
30.21999931,519.2473145
30.22999954,590.0574341
30.23999977,618.5354004
30.25,526.8163452
30.26000023,491.6666565
30.27000046,532.8918457
30.28000069,558.8190308
30.29000092,565.4346924
30.29999924,531.5098877
30.30999947,589.7855225
30.31999969,647.1113281
30.32999992,500.9339905
30.34000015,520.6281128
30.35000038,619.3352051
30.36000061,660.3327026
30.37000084,611.6636353
30.37999916,538.3713379
30.38999939,568.5956421
30.39999962,568.6268921
30.40999985,564.083313
30.42000008,581.0167236
30.43000031,584.6349487
30.44000053,611.93396
30.45000076,576.463562
30.45999908,559.8668823
30.46999931,582.4158936
30.47999954,526.3432007
30.48999977,541.196106
30.5,607.7831421
30.51000023,561.3613892
30.52000046,548.9083862
30.53000069,541.4417725
30.54000092,558.6259155
30.54999924,568.0280151
30.55999947,521.8613892
30.56999969,555.9070435
30.57999992,555.4296265
30.59000015,591.803772
30.60000038,605.5449829
30.61000061,575.0210571
30.62000084,518.1726685
30.62999916,523.4881592
30.63999939,581.6680298
30.64999962,664.788147
30.65999985,607.815979
30.67000008,546.0266113
30.68000031,586.8305054
30.69000053,598.8219604
30.70000076,616.2423096
30.70999908,561.0255127
30.71999931,535.8826904
30.72999954,555.2451172
30.73999977,608.5820313
30.75,657.6848755
30.76000023,589.8109741
30.77000046,588.9655762
30.78000069,582.9013672
30.79000092,580.0957031
30.79999924,571.4150391
30.80999947,546.4449463
30.81999969,564.2086182
30.82999992,595.1619873
30.84000015,612.149353
30.85000038,598.0751953
30.86000061,611.3584595
30.87000084,566.7889404
30.87999916,554.4611206
30.88999939,574.574646
30.89999962,523.9154053
30.90999985,496.9187317
30.92000008,583.8735962
30.93000031,567.9316406
30.94000053,583.9994507
30.95000076,606.2422485
30.95999908,594.7977295
30.96999931,576.0898438
30.97999954,613.3074951
30.98999977,569.2538452
31,532.7435913
31.01000023,534.9237671
31.02000046,564.1880493
31.03000069,598.7307739
31.04000092,590.404541
31.04999924,548.491394
31.05999947,557.230896
31.06999969,552.083252
31.07999992,565.4545898
31.09000015,555.4335938
31.10000038,570.4076538
31.11000061,573.9820557
31.12000084,552.4144287
31.12999916,513.1200562
31.13999939,549.4293213
31.14999962,605.0450439
31.15999985,554.1304321
31.17000008,594.8833618
31.18000031,587.7130127
31.19000053,568.211792
31.20000076,615.5929565
31.20999908,597.8756104
31.21999931,523.8740845
31.22999954,568.1298218
31.23999977,591.2944946
31.25,548.7241211
31.26000023,521.0753784
31.27000046,563.8788452
31.28000069,585.3502808
31.29000092,594.493103
31.29999924,610.7650146
31.30999947,610.0733643
31.31999969,625.2850952
31.32999992,608.4996948
31.34000015,611.6170654
31.35000038,544.9315796
31.36000061,533.7696533
31.37000084,573.2301025
31.37999916,563.0411987
31.38999939,515.9783936
31.39999962,511.3178101
31.40999985,522.0363159
31.42000008,554.6155396
31.43000031,576.2329102
31.44000053,585.0042725
31.45000076,558.1239014
31.45999908,609.1295776
31.46999931,619.2023926
31.47999954,581.5085449
31.48999977,578.6595459
31.5,540.0216064
31.51000023,535.769043
31.52000046,575.0639038
31.53000069,552.2789307
31.54000092,583.2556152
31.54999924,610.263855
31.55999947,580.1568604
31.56999969,582.3181763
31.57999992,587.0827026
31.59000015,565.0374146
31.60000038,570.5379639
31.61000061,567.006958
31.62000084,588.6242676
31.62999916,582.2939453
31.63999939,577.1444092
31.64999962,640.62677
31.65999985,614.1946411
31.67000008,544.5235596
31.68000031,540.3770142
31.69000053,576.8449097
31.70000076,631.2491455
31.70999908,571.4768066
31.71999931,544.7194824
31.72999954,567.5460205
31.73999977,583.1817017
31.75,572.7718506
31.76000023,572.7340698
31.77000046,608.5609131
31.78000069,612.5
31.79000092,619.0614624
31.79999924,605.3605957
31.80999947,585.3228149
31.81999969,581.1611938
31.82999992,581.3338623
31.84000015,587.6577148
31.85000038,552.8373413
31.86000061,570.4714355
31.87000084,614.3917236
31.87999916,642.6085815
31.88999939,619.4326172
31.89999962,568.7988892
31.90999985,575.0877686
31.92000008,585.5333252
31.93000031,595.901123
31.94000053,557.7553711
31.95000076,535.6317749
31.95999908,522.6330566
31.96999931,504.2501221
31.97999954,556.4193726
31.98999977,574.9608154
32,633.2922974
32.00999832,639.7960205
32.02000046,535.5827637
32.02999878,578.5881348
32.04000092,639.7307739
32.04999924,631.171814
32.06000137,651.8659058
32.06999969,623.6739502
32.08000183,589.3780518
32.09000015,593.8881836
32.09999847,632.210144
32.11000061,642.6755981
32.11999893,632.4786377
32.13000107,688.7246704
32.13999939,734.7772217
32.15000153,695.9553833
32.15999985,631.3310547
32.16999817,637.1558228
32.18000031,659.7793579
32.18999863,696.8601685
32.20000076,730.744751
32.20999908,698.1663208
32.22000122,697.3348999
32.22999954,708.6869507
32.24000168,664.4622803
32.25,709.7269897
32.25999832,781.7607422
32.27000046,769.3876343
32.27999878,775.4993896
32.29000092,897.2636719
32.29999924,949.5782471
32.31000137,1032.927612
32.31999969,1160.255615
32.33000183,1174.003662
32.34000015,1298.411865
32.34999847,1350.968506
32.36000061,1283.062866
32.36999893,1306.808228
32.38000107,1362.444702
32.38999939,1499.779541
32.40000153,1537.354858
32.40999985,1482.280396
32.41999817,1523.256348
32.43000031,1503.473999
32.43999863,1407.448975
32.45000076,1459.383057
32.45999908,1440.262939
32.47000122,1322.291626
32.47999954,1261.708862
32.49000168,1192.422241
32.5,1158.658813
32.50999832,1094.602905
32.52000046,995.3110962
32.52999878,970.9248657
32.54000092,987.6990356
32.54999924,960.7453613
32.56000137,784.6744995
32.56999969,760.3711548
32.58000183,789.2018433
32.59000015,740.461731
32.59999847,707.7559204
32.61000061,670.9533081
32.61999893,642.8164063
32.63000107,671.2055664
32.63999939,670.0439453
32.65000153,599.2957153
32.65999985,570.5980835
32.66999817,585.7529297
32.68000031,623.4014282
32.68999863,656.5845947
32.70000076,607.6792603
32.70999908,600.6039429
32.72000122,628.4440918
32.72999954,616.1629028
32.74000168,586.5305786
32.75,584.2877197
32.75999832,601.8787842
32.77000046,625.1516724
32.77999878,637.5
32.79000092,627.3781128
32.79999924,604.0901489
32.81000137,606.7593384
32.81999969,595.7276611
32.83000183,544.1663818
32.84000015,553.3001709
32.84999847,554.2641602
32.86000061,595.2428589
32.86999893,674.4237061
32.88000107,628.5316162
32.88999939,591.9646606
32.90000153,578.0896606
32.90999985,581.1917725
32.91999817,543.7368774
32.93000031,525.6837769
32.93999863,552.6749878
32.95000076,583.333313
32.95999908,548.0942993
32.97000122,520.4083862
32.97999954,582.5841064
32.99000168,594.0527344
33,566.0881958
33.00999832,548.8731079
33.02000046,536.4766846
33.02999878,521.2999268
33.04000092,509.3631897
33.04999924,542.7200317
33.06000137,577.8422241
33.06999969,619.5410156
33.08000183,550.3345337
33.09000015,555.9671631
33.09999847,619.1212769
33.11000061,602.7654419
33.11999893,597.2146606
33.13000107,565.9307861
33.13999939,631.0056763
33.15000153,675.3527222
33.15999985,633.7854004
33.16999817,568.2798462
33.18000031,602.3676758
33.18999863,573.829895
33.20000076,565.3687134
33.20999908,614.2387695
33.22000122,601.4585571
33.22999954,534.8721924
33.24000168,538.4282837
33.25,581.3115845
33.25999832,552.2454224
33.27000046,651.446228
33.27999878,616.6949463
33.29000092,578.8659058
33.29999924,591.5754395
33.31000137,515.7994995
33.31999969,569.7991333
33.33000183,598.5838623
33.34000015,577.4891357
33.34999847,569.7880249
33.36000061,587.1717529
33.36999893,518.0841064
33.38000107,548.640686
33.38999939,587.5
33.40000153,593.0238037
33.40999985,594.5351563
33.41999817,580.4836426
33.43000031,558.885437
33.43999863,512.0795898
33.45000076,546.0316772
33.45999908,550.7796631
33.47000122,595.833313
33.47999954,610.5817261
33.49000168,620.2948608
33.5,582.9842529
33.50999832,607.9541016
33.52000046,594.6248169
33.52999878,533.1135864
33.54000092,542.9772949
33.54999924,554.9724121
33.56000137,571.0983276
33.56999969,557.3178711
33.58000183,575.5147705
33.59000015,631.3828735
33.59999847,596.8093262
33.61000061,570.833313
33.61999893,549.2367554
33.63000107,524.0418091
33.63999939,574.1253662
33.65000153,548.6917114
33.65999985,511.6655884
33.66999817,492.5285339
33.68000031,492.3629761
33.68999863,558.0369873
33.70000076,611.7460327
33.70999908,577.9478149
33.72000122,561.6027222
33.72999954,594.1071777
33.74000168,474.0637207
33.75,529.3699951
33.75999832,554.0338135
33.77000046,536.3986816
33.77999878,588.6939087
33.79000092,582.6820679
33.79999924,616.0394897
33.81000137,621.4755859
33.81999969,593.7836304
33.83000183,580.7755127
33.84000015,655.7571411
33.84999847,591.263855
33.86000061,522.7007446
33.86999893,534.9803467
33.88000107,583.333313
33.88999939,562.9116821
33.90000153,512.8513184
33.90999985,537.3691406
33.91999817,551.8030396
33.93000031,511.1439514
33.93999863,550.5415649
33.95000076,583.8345947
33.95999908,607.2340698
33.97000122,580.0932007
33.97999954,513.5892334
33.99000168,549.1919556
34,638.4292603
34.00999832,608.758728
34.02000046,574.5884399
34.02999878,620.2967529
34.04000092,542.6563721
34.04999924,527.0096436
34.06000137,536.6538696
34.06999969,617.7017212
34.08000183,590.6732178
34.09000015,545.7703247
34.09999847,582.1495972
34.11000061,595.1687622
34.11999893,529.166687
34.13000107,539.3029785
34.13999939,580.9192505
34.15000153,622.5354614
34.15999985,646.1785889
34.16999817,607.9182739
34.18000031,563.701416
34.18999863,564.9838257
34.20000076,585.3249512
34.20999908,552.0994263
34.22000122,606.777771
34.22999954,628.2034302
34.24000168,614.460144
34.25,576.307312
34.25999832,574.2512817
34.27000046,613.2024536
34.27999878,637.6975708
34.29000092,575.9960938
34.29999924,610.1891479
34.31000137,594.5181274
34.31999969,529.5159912
34.33000183,585.0404053
34.34000015,608.1253052
34.34999847,558.8893433
34.36000061,544.0380859
34.36999893,552.6738281
34.38000107,616.321106
34.38999939,632.5960693
34.40000153,590.3528442
34.40999985,614.921875
34.41999817,623.9454346
34.43000031,657.4645996
34.43999863,568.6202393
34.45000076,622.8206177
34.45999908,665.6123657
34.47000122,609.1315918
34.47999954,604.2037964
34.49000168,624.1880493
34.5,573.3141479
34.50999832,596.4836426
34.52000046,657.3515625
34.52999878,678.5703125
34.54000092,621.4981689
34.54999924,559.1456299
34.56000137,633.2706299
34.56999969,568.0410767
34.58000183,602.6781006
34.59000015,652.3444214
34.59999847,642.3129272
34.61000061,574.2223511
34.61999893,637.2114258
34.63000107,539.4640503
34.63999939,630.6340942
34.65000153,717.7002563
34.65999985,596.2008057
34.66999817,718.4284058
34.68000031,734.793457
34.68999863,677.4858398
34.70000076,639.8376465
34.70999908,601.7582397
34.72000122,653.5788574
34.72999954,663.0155029
34.74000168,622.8830566
34.75,620.9071655
34.75999832,665.9777222
34.77000046,686.7857666
34.77999878,717.8751831
34.79000092,781.376709
34.79999924,741.8963013
34.81000137,702.6809692
34.81999969,710.0147705
34.83000183,690.8431396
34.84000015,759.9333496
34.84999847,679.8166504
34.86000061,676.2388916
34.86999893,647.7382202
34.88000107,725.1160278
34.88999939,815.8461914
34.90000153,689.5745239
34.90999985,790.8761597
34.91999817,779.09375
34.93000031,868.9047852
34.93999863,833.9378052
34.95000076,833.9036255
34.95999908,798.8303833
34.97000122,731.9876099
34.97999954,834.9314575
34.99000168,891.7793579
35,868.388916
35.00999832,881.442688
35.02000046,905.984375
35.02999878,971.9511108
35.04000092,983.043396
35.04999924,1008.333313
35.06000137,1010.508057
35.06999969,1020.69104
35.08000183,1002.871216
35.09000015,1089.207886
35.09999847,1177.17627
35.11000061,1294.337891
35.11999893,1200.452881
35.13000107,1256.71106
35.13999939,1415.440308
35.15000153,1349.319824
35.15999985,1408.031372
35.16999817,1644.407959
35.18000031,1607.04834
35.18999863,1899.578369
35.20000076,2055.254395
35.20999908,2305.696289
35.22000122,2457.374023
35.22999954,2793.856201
35.24000168,2929.387695
35.25,3381.035156
35.25999832,3744.159424
35.27000046,4107.481934
35.27999878,4674.819824
35.29000092,5040.59375
35.29999924,5200.384277
35.31000137,6100.029297
35.31999969,6577.985352
35.33000183,7172.966309
35.34000015,7224.867676
35.34999847,7904.952148
35.36000061,8113.121582
35.36999893,8591.173828
35.38000107,9285.650391
35.38999939,9384.246094
35.40000153,9742.532227
35.40999985,9911.756836
35.41999817,10230.50098
35.43000031,10051.3457
35.43999863,10327.0166
35.45000076,10219.5957
35.45999908,9780.420898
35.47000122,9633.016602
35.47999954,9346.039063
35.49000168,8756.764648
35.5,7997.762695
35.50999832,7368.310059
35.52000046,7277.609375
35.52999878,6478.085938
35.54000092,5753.053223
35.54999924,5379.192383
35.56000137,4855.891113
35.56999969,4381.47998
35.58000183,3677.79834
35.59000015,3690.840576
35.59999847,3291.022705
35.61000061,2784.918945
35.61999893,2550.044189
35.63000107,2335.277832
35.63999939,1902.205688
35.65000153,1677.198242
35.65999985,1702.216187
35.66999817,1525.374878
35.68000031,1378.156372
35.68999863,1148.520142
35.70000076,1193.864014
35.70999908,1157.905884
35.72000122,1145.201172
35.72999954,1057.423584
35.74000168,1113.886841
35.75,970.1654663
35.75999832,872.1513672
35.77000046,903.8473511
35.77999878,984.1157837
35.79000092,911.1018066
35.79999924,970.6335449
35.81000137,869.5979614
35.81999969,940.8778687
35.83000183,913.352478
35.84000015,719.3231201
35.84999847,792.5216064
35.86000061,814.4683228
35.86999893,747.6184692
35.88000107,677.1626587
35.88999939,747.9094238
35.90000153,815.1452637
35.90999985,761.4925537
35.91999817,727.8847656
35.93000031,834.9562378
35.93999863,730.6269531
35.95000076,620.7869873
35.95999908,799.9297485
35.97000122,600.3255005
35.97999954,618.5736084
35.99000168,720.975708
36,726.7214355
36.00999832,575.8538818
36.02000046,633.7246094
36.02999878,663.2619629
36.04000092,724.4058838
36.04999924,671.0769653
36.06000137,695.3362427
36.06999969,637.7736816
36.08000183,675
36.09000015,675.3435669
36.09999847,745.7426758
36.11000061,720.7432251
36.11999893,683.3922729
36.13000107,733.3310547
36.13999939,566.8782349
36.15000153,591.6043091
36.15999985,691.2948608
36.16999817,758.0038452
36.18000031,750.0513916
36.18999863,745.8641357
36.20000076,721.0487671
36.20999908,778.5925903
36.22000122,680.2732544
36.22999954,782.0530396
36.24000168,824.4368286
36.25,755.2108154
36.25999832,868.9706421
36.27000046,891.3085327
36.27999878,813.9579468
36.29000092,759.3972778
36.29999924,742.0144653
36.31000137,806.8604736
36.31999969,804.263855
36.33000183,783.8446655
36.34000015,775.2147217
36.34999847,823.6502075
36.36000061,788.5582886
36.36999893,767.2801514
36.38000107,811.0941162
36.38999939,828.6350098
36.40000153,760.6798096
36.40999985,794.545105
36.41999817,775.7412109
36.43000031,815.1331177
36.43999863,660.3469238
36.45000076,678.1851807
36.45999908,751.130188
36.47000122,694.2737427
36.47999954,723.5686646
36.49000168,641.364624
36.5,649.4325562
36.50999832,638.0827637
36.52000046,546.2521973
36.52999878,620.9103394
36.54000092,668.527771
36.54999924,536.4669189
36.56000137,742.2958984
36.56999969,596.4978027
36.58000183,599.3098145
36.59000015,588.2055054
36.59999847,650.3219604
36.61000061,583.5840454
36.61999893,567.4182739
36.63000107,590.1328125
36.63999939,634.6315918
36.65000153,657.0039063
36.65999985,525.8807373
36.66999817,563.3532104
36.68000031,539.468689
36.68999863,572.4227295
36.70000076,543.9985352
36.70999908,561.0169678
36.72000122,562.5
36.72999954,512.3223267
36.74000168,677.9401245
36.75,580.0289307
36.75999832,616.9667969
36.77000046,628.5120239
36.77999878,629.166687
36.79000092,579.3885498
36.79999924,571.1760254
36.81000137,643.3911743
36.81999969,547.0298462
36.83000183,571.7772827
36.84000015,540.7688599
36.84999847,700.8283691
36.86000061,637.0093384
36.86999893,511.7361755
36.88000107,526.4806519
36.88999939,544.2779541
36.90000153,504.3336487
36.90999985,590.4216919
36.91999817,487.12677
36.93000031,565.1754761
36.93999863,541.2303467
36.95000076,646.1645508
36.95999908,632.1398926
36.97000122,614.2194824
36.97999954,567.7200928
36.99000168,569.953064
37,622.9329224
37.00999832,640.3154907
37.02000046,585.9996338
37.02999878,612.5206909
37.04000092,624.0684204
37.04999924,710.0018921
37.06000137,647.0213623
37.06999969,685.4110718
37.08000183,640.1420288
37.09000015,637.0085449
37.09999847,630.1598511
37.11000061,581.522644
37.11999893,567.6804199
37.13000107,588.5946045
37.13999939,620.862793
37.15000153,610.4224854
37.15999985,604.6940918
37.16999817,658.6781616
37.18000031,604.9743042
37.18999863,534.2283325
37.20000076,608.2297363
37.20999908,613.6062622
37.22000122,619.7167969
37.22999954,566.7843628
37.24000168,536.7445679
37.25,626.7508545
37.25999832,577.0855713
37.27000046,641.9033203
37.27999878,654.166687
37.29000092,672.0287476
37.29999924,678.5672607
37.31000137,664.9181519
37.31999969,623.37323
37.33000183,606.0111694
37.34000015,628.9935303
37.34999847,693.5396118
37.36000061,651.1206665
37.36999893,613.416626
37.38000107,566.0200195
37.38999939,674.5250854
37.40000153,611.4537964
37.40999985,599.3439941
37.41999817,568.4503174
37.43000031,601.0040894
37.43999863,646.7807617
37.45000076,647.1865234
37.45999908,624.9238281
37.47000122,519.9199219
37.47999954,572.967041
37.49000168,660.3588867
37.5,733.8934326
37.50999832,621.3032837
37.52000046,647.6435547
37.52999878,592.8049316
37.54000092,561.9481201
37.54999924,582.4032593
37.56000137,632.1342163
37.56999969,634.8101807
37.58000183,527.2174072
37.59000015,623.7945557
37.59999847,605.6337891
37.61000061,633.3172607
37.61999893,590.6295776
37.63000107,606.3452148
37.63999939,622.6764526
37.65000153,577.5819702
37.65999985,637.6854248
37.66999817,617.0231323
37.68000031,635.305542
37.68999863,772.9550171
37.70000076,777.2769775
37.70999908,680.2199707
37.72000122,621.4735718
37.72999954,709.526123
37.74000168,683.2247925
37.75,710.8582153
37.75999832,654.2284546
37.77000046,664.100647
37.77999878,634.314209
37.79000092,644.8885498
37.79999924,626.8328247
37.81000137,660.4864502
37.81999969,624.6436157
37.83000183,684.9702148
37.84000015,638.3880005
37.84999847,637.2521973
37.86000061,592.4876099
37.86999893,615.1744385
37.88000107,651.1461792
37.88999939,632.2285156
37.90000153,667.3531494
37.90999985,695.430481
37.91999817,687.0095825
37.93000031,702.7879028
37.93999863,753.6549683
37.95000076,724.6495361
37.95999908,822.215271
37.97000122,828.3927002
37.97999954,705.0365601
37.99000168,613.0280151
38,692.0203247
38.00999832,752.8439331
38.02000046,765.6958618
38.02999878,709.2337646
38.04000092,717.151001
38.04999924,763.1644287
38.06000137,822.6278687
38.06999969,789.949707
38.08000183,831.9671631
38.09000015,758.3696289
38.09999847,732.321167
38.11000061,815.2155151
38.11999893,797.6487427
38.13000107,864.9462891
38.13999939,854.0612793
38.15000153,854.1810913
38.15999985,898.9378662
38.16999817,934.3276978
38.18000031,916.762146
38.18999863,995.354126
38.20000076,950.5350952
38.20999908,1008.633118
38.22000122,947.8220825
38.22999954,1046.327393
38.24000168,1082.420776
38.25,999.1699829
38.25999832,1050.695313
38.27000046,990.2402344
38.27999878,1065.476929
38.29000092,1208.072754
38.29999924,1181.764893
38.31000137,1170.516113
38.31999969,1260.134155
38.33000183,1340.231812
38.34000015,1455.297485
38.34999847,1594.514771
38.36000061,1524.62207
38.36999893,1534.581055
38.38000107,1728.710693
38.38999939,1900.980103
38.40000153,1845.698608
38.40999985,2050.832275
38.41999817,2187.674072
38.43000031,2335.437744
38.43999863,2619.802734
38.45000076,2914.667236
38.45999908,3295.586914
38.47000122,3496.658691
38.47999954,3736.189697
38.49000168,4169.202148
38.5,4624.891113
38.50999832,4977.750488
38.52000046,5537.768066
38.52999878,6064.592773
38.54000092,6713.34375
38.54999924,7454.966309
38.56000137,8084.478516
38.56999969,8686.208984
38.58000183,9030.636719
38.59000015,9659.761719
38.59999847,10072.08398
38.61000061,10550.42285
38.61999893,10504.1582
38.63000107,10562.54102
38.63999939,10894.89648
38.65000153,10682.55078
38.65999985,10275.58008
38.66999817,9978.233398
38.68000031,9619.041992
38.68999863,9306.526367
38.70000076,9044.560547
38.70999908,8596.40918
38.72000122,7994.428223
38.72999954,7828.424316
38.74000168,7250.328125
38.75,6851.165527
38.75999832,6562.446289
38.77000046,6160.911621
38.77999878,5830.333008
38.79000092,5432.706543
38.79999924,4962.361328
38.81000137,4709.447754
38.81999969,4618.009766
38.83000183,4523.671875
38.84000015,4191.085449
38.84999847,3997.42627
38.86000061,3820.450684
38.86999893,3554.354004
38.88000107,3202.640381
38.88999939,3158.646973
38.90000153,3023.39502
38.90999985,2828.017822
38.91999817,2592.187988
38.93000031,2446.813477
38.93999863,2290.364014
38.95000076,2049.920898
38.95999908,2026.025391
38.97000122,1889.542114
38.97999954,1690.640503
38.99000168,1671.021851
39,1611.062134
39.00999832,1496.945068
39.02000046,1378.04187
39.02999878,1306.621704
39.04000092,1177.030884
39.04999924,1125.803589
39.06000137,1088.189697
39.06999969,1046.598267
39.08000183,966.0831299
39.09000015,909.1608887
39.09999847,907.9038696
39.11000061,888.8353271
39.11999893,909.1143799
39.13000107,923.928772
39.13999939,871.1723633
39.15000153,805.1474609
39.15999985,832.7958374
39.16999817,820.9309692
39.18000031,769.9049683
39.18999863,862.8464355
39.20000076,833.6183472
39.20999908,775
39.22000122,818.7228394
39.22999954,740.5983887
39.24000168,726.2295532
39.25,656.083374
39.25999832,660.5441895
39.27000046,668.5255737
39.27999878,615.3466187
39.29000092,687.1052246
39.29999924,705.3517456
39.31000137,661.4926147
39.31999969,748.2658081
39.33000183,674.2077637
39.34000015,633.5167236
39.34999847,629.107605
39.36000061,609.1640625
39.36999893,649.9020386
39.38000107,689.9293823
39.38999939,640.40802
39.40000153,637.1664429
39.40999985,630.3571167
39.41999817,628.0716553
39.43000031,614.5841064
39.43999863,649.8833008
39.45000076,675.2421265
39.45999908,654.4349976
39.47000122,636.0689087
39.47999954,607.2438965
39.49000168,615.9728394
39.5,596.9526367
39.50999832,631.336792
39.52000046,641.1914673
39.52999878,626.3052979
39.54000092,585.2451172
39.54999924,552.3991699
39.56000137,606.8330078
39.56999969,638.6672974
39.58000183,666.701416
39.59000015,632.211853
39.59999847,570.8894043
39.61000061,596.2165527
39.61999893,613.1877441
39.63000107,644.2391968
39.63999939,670.2960815
39.65000153,636.1594238
39.65999985,617.1829224
39.66999817,634.8505859
39.68000031,652.8262329
39.68999863,644.3790283
39.70000076,614.7696533
39.70999908,616.2064819
39.72000122,670.7459717
39.72999954,644.2442627
39.74000168,623.4268188
39.75,618.3029175
39.75999832,609.5670166
39.77000046,604.8474731
39.77999878,557.4900513
39.79000092,592.8158569
39.79999924,668.5126343
39.81000137,651.2972412
39.81999969,598.2591553
39.83000183,581.4188232
39.84000015,536.1483765
39.84999847,554.1160889
39.86000061,615.3485718
39.86999893,582.6085815
39.88000107,594.8024292
39.88999939,584.2054443
39.90000153,597.3143311
39.90999985,625.6890869
39.91999817,586.5280762
39.93000031,588.4298096
39.93999863,582.2236938
39.95000076,582.2012939
39.95999908,604.3675537
39.97000122,617.0473633
39.97999954,614.1337891
39.99000168,599.8306885
40,617.4604492
40.00999832,611.6106567
40.02000046,619.7826538
40.02999878,643.5592651
40.04000092,583.9589233
40.04999924,544.0151978
40.06000137,541.3800049
40.06999969,544.0475464
40.08000183,556.2127686
40.09000015,575.3196411
40.09999847,608.4934692
40.11000061,631.3571167
40.11999893,591.2790527
40.13000107,562.6087646
40.13999939,595.8669434
40.15000153,566.6600342
40.15999985,525
40.16999817,556.0967407
40.18000031,570.9572754
40.18999863,624.2938843
40.20000076,660.859436
40.20999908,608.5839233
40.22000122,616.227478
40.22999954,660.0397949
40.24000168,579.3939209
40.25,560.2977905
40.25999832,658.102478
40.27000046,632.3208618
40.27999878,636.1345825
40.29000092,582.6972046
40.29999924,549.3241577
40.31000137,597.0109863
40.31999969,632.4664917
40.33000183,630.5865479
40.34000015,579.7505493
40.34999847,626.3466187
40.36000061,560.7818604
40.36999893,520.0211792
40.38000107,555.3776855
40.38999939,545.0750122
40.40000153,570.0432739
40.40999985,559.9769287
40.41999817,539.1565552
40.43000031,584.5491943
40.43999863,640.7496948
40.45000076,658.0170898
40.45999908,660.5800781
40.47000122,612.3820801
40.47999954,543.0585938
40.49000168,557.3688965
40.5,645.2011108
40.50999832,654.9364624
40.52000046,603.3860474
40.52999878,635.0946045
40.54000092,662.5
40.54999924,662.5
40.56000137,653.1650391
40.56999969,628.6347656
40.58000183,623.6384277
40.59000015,620.8400269
40.59999847,605.5374146
40.61000061,610.6594849
40.61999893,564.288147
40.63000107,537.6119995
40.63999939,565.8768921
40.65000153,574.1791382
40.65999985,594.5579224
40.66999817,563.9866943
40.68000031,612.6835327
40.68999863,686.0987549
40.70000076,635.0764771
40.70999908,606.5332642
40.72000122,562.5491943
40.72999954,529.166687
40.74000168,548.6541748
40.75,587.3640137
40.75999832,567.1860352
40.77000046,560.5585327
40.77999878,619.0829468
40.79000092,564.3148804
40.79999924,517.7629395
40.81000137,580.1832886
40.81999969,585.5422363
40.83000183,543.3905029
40.84000015,561.2999268
40.84999847,555.9221191
40.86000061,526.9140015
40.86999893,548.4769897
40.88000107,563.4251099
40.88999939,596.2126465
40.90000153,636.706604
40.90999985,592.9082642
40.91999817,557.7055664
40.93000031,584.0982056
40.93999863,548.328186
40.95000076,579.9141235
40.95999908,605.8810425
40.97000122,534.8045044
40.97999954,514.0075073
40.99000168,598.7793579
41,594.2697144
41.00999832,594.6428223
41.02000046,566.755249
41.02999878,614.6605225
41.04000092,531.3236084
41.04999924,543.6843872
41.06000137,580.7814941
41.06999969,530.8453369
41.08000183,523.8634644
41.09000015,556.1577148
41.09999847,579.0185547
41.11000061,617.5841064
41.11999893,580.6795044
41.13000107,521.8289795
41.13999939,530.5548706
41.15000153,641.2435913
41.15999985,555.2133789
41.16999817,479.9347534
41.18000031,539.7310791
41.18999863,566.9082642
41.20000076,565.6838989
41.20999908,593.9134521
41.22000122,548.458313
41.22999954,499.5877991
41.24000168,555.4630737
41.25,586.6605225
41.25999832,582.6674805
41.27000046,642.5302124
41.27999878,585.7294312
41.29000092,558.7313232
41.29999924,564.5338135
41.31000137,627.6983643
41.31999969,608.9074707
41.33000183,547.098999
41.34000015,536.8775635
41.34999847,636.4013672
41.36000061,648.5584106
41.36999893,607.0541992
41.38000107,516.1622925
41.38999939,518.9728394
41.40000153,617.3250122
41.40999985,656.6063232
41.41999817,616.6046753
41.43000031,578.8449097
41.43999863,534.8219604
41.45000076,572.2546387
41.45999908,570.8440552
41.47000122,529.166687
41.47999954,533.2991333
41.49000168,522.4567871
41.5,517.5030518
41.50999832,603.8372803
41.52000046,618.5147095
41.52999878,561.6069946
41.54000092,516.9276733
41.54999924,546.9014282
41.56000137,655.1761475
41.56999969,641.7665405
41.58000183,618.4968262
41.59000015,662.8134766
41.59999847,529.6203003
41.61000061,556.9694824
41.61999893,655.4692383
41.63000107,646.6583862
41.63999939,604.0391846
41.65000153,553.8016357
41.65999985,531.4057617
41.66999817,564.9701538
41.68000031,607.0629272
41.68999863,590.2508545
41.70000076,553.2944946
41.70999908,559.2276001
41.72000122,637.4697876
41.72999954,654.1130371
41.74000168,522.1715088
41.75,589.3717651
41.75999832,589.7654419
41.77000046,654.2229614
41.77999878,607.8171387
41.79000092,614.2437744
41.79999924,591.4481201
41.81000137,537.9927979
41.81999969,504.7472839
41.83000183,512.4931641
41.84000015,561.2744141
41.84999847,572.0911865
41.86000061,581.1659546
41.86999893,619.6186523
41.88000107,548.6455078
41.88999939,565.5089111
41.90000153,557.8903809
41.90999985,545.833313
41.91999817,577.7997437
41.93000031,635.229187
41.93999863,554.5836182
41.95000076,525.4545898
41.95999908,529.9303589
41.97000122,585.5077515
41.97999954,572.4591675
41.99000168,627.0647583
42,578.2959595
42.00999832,589.6865845
42.02000046,607.8002319
42.02999878,626.5113525
42.04000092,588.7190552
42.04999924,593.4490356
42.06000137,569.9646606
42.06999969,596.9716797
42.08000183,622.0005493
42.09000015,631.0957642
42.09999847,588.5830688
42.11000061,618.7719727
42.11999893,604.0453491
42.13000107,639.7648926
42.13999939,588.670166
42.15000153,571.7562866
42.15999985,589.5250854
42.16999817,613.9620361
42.18000031,676.8439331
42.18999863,691.8478394
42.20000076,662.3199463
42.20999908,600.4485474
42.22000122,568.1385498
42.22999954,575.0777588
42.24000168,656.2919922
42.25,617.0095825
42.25999832,658.2955933
42.27000046,684.7481079
42.27999878,631.4376221
42.29000092,610.8632202
42.29999924,578.4299927
42.31000137,629.6066895
42.31999969,608.3302612
42.33000183,602.1883545
42.34000015,656.784668
42.34999847,564.3201294
42.36000061,588.0220947
42.36999893,644.6043701
42.38000107,610.6980591
42.38999939,556.5563965
42.40000153,566.7783203
42.40999985,619.5123291
42.41999817,586.8223877
42.43000031,584.3964844
42.43999863,543.9520874
42.45000076,616.666687
42.45999908,614.9653931
42.47000122,604.9523926
42.47999954,583.2683105
42.49000168,543.324585
42.5,524.9568481
42.50999832,578.923645
42.52000046,651.045166
42.52999878,567.5910034
42.54000092,427.9700317
42.54999924,502.2670288
42.56000137,615.8701172
42.56999969,605.3796997
42.58000183,562.4282227
42.59000015,530.182312
42.59999847,611.0516968
42.61000061,558.4644165
42.61999893,604.2381592
42.63000107,642.425354
42.63999939,626.2489624
42.65000153,530.7695313
42.65999985,502.969635
42.66999817,526.9845581
42.68000031,579.3894043
42.68999863,581.1200562
42.70000076,521.937439
42.70999908,663.0900879
42.72000122,630.2157593
42.72999954,546.4175415
42.74000168,506.2362061
42.75,531.2080078
42.75999832,684.24646
42.77000046,564.5483398
42.77999878,569.5812378
42.79000092,549.0578003
42.79999924,584.1675415
42.81000137,546.8346558
42.81999969,467.8921814
42.83000183,599.8806152
42.84000015,552.8771362
42.84999847,545.833313
42.86000061,554.7081909
42.86999893,595.3677979
42.88000107,542.7180786
42.88999939,536.7348633
42.90000153,591.9228516
42.90999985,536.6090088
42.91999817,622.552124
42.93000031,586.9086304
42.93999863,607.1524048
42.95000076,586.5446167
42.95999908,511.1216125
42.97000122,556.4632568
42.97999954,577.0890503
42.99000168,615.5401611
43,600.5238037
43.00999832,548.3428345
43.02000046,537.5
43.02999878,549.4130249
43.04000092,625.9503174
43.04999924,594.6155396
43.06000137,538.0946045
43.06999969,589.0856934
43.08000183,513.5285645
43.09000015,514.2184448
43.09999847,484.7888184
43.11000061,605.711853
43.11999893,534.8499756
43.13000107,607.3592529
43.13999939,596.6287842
43.15000153,570.833313
43.15999985,561.8899536
43.16999817,509.346283
43.18000031,633.4471436
43.18999863,510.4500427
43.20000076,585.9575806
43.20999908,506.8273315
43.22000122,528.2907104
43.22999954,526.0237427
43.24000168,569.979187
43.25,565.0297241
43.25999832,592.9102173
43.27000046,630.166748
43.27999878,531.8892822
43.29000092,596.2331543
43.29999924,600.7886963
43.31000137,611.8331909
43.31999969,645.833313
43.33000183,639.0301514
43.34000015,570.4608154
43.34999847,571.8051147
43.36000061,619.2149048
43.36999893,557.9772339
43.38000107,554.8679199
43.38999939,562.1548462
43.40000153,555.6156616
43.40999985,532.019104
43.41999817,604.2806396
43.43000031,515.446106
43.43999863,597.7751465
43.45000076,571.7704468
43.45999908,581.1850586
43.47000122,553.8652344
43.47999954,552.0717163
43.49000168,578.0046997
43.5,566.7752075
43.50999832,626.3977051
43.52000046,641.4482422
43.52999878,584.5385132
43.54000092,658.0269775
43.54999924,588.0596924
43.56000137,533.333313
43.56999969,536.046936
43.58000183,576.7545776
43.59000015,542.921875
43.59999847,628.0374756
43.61000061,536.1513672
43.61999893,512.9385986
43.63000107,527.675354
43.63999939,653.125
43.65000153,631.7105713
43.65999985,597.8289795
43.66999817,555.1260986
43.68000031,576.3048096
43.68999863,602.3575439
43.70000076,561.9736938
43.70999908,550.8496704
43.72000122,573.6290283
43.72999954,636.4208374
43.74000168,507.8500977
43.75,603.7227173
43.75999832,590.8117065
43.77000046,565.022583
43.77999878,515.8775635
43.79000092,491.6666565
43.79999924,497.6932068
43.81000137,696.5488892
43.81999969,574.5618286
43.83000183,557.8131104
43.84000015,538.0913086
43.84999847,561.0110474
43.86000061,495.3955383
43.86999893,476.8874512
43.88000107,571.1395874
43.88999939,586.1497192
43.90000153,509.4479675
43.90999985,579.767334
43.91999817,619.3600464
43.93000031,509.265564
43.93999863,588.2405396
43.95000076,657.4199219
43.95999908,558.6263428
43.97000122,595.1300049
43.97999954,487.6292725
43.99000168,512.6764526
44,558.2806396
44.00999832,537.5251465
44.02000046,558.3309326
44.02999878,583.2974243
44.04000092,550.09198
44.04999924,574.8979492
44.06000137,541.8468018
44.06999969,537.5280151
44.08000183,475.5031128
44.09000015,536.9141846
44.09999847,607.5757446
44.11000061,661.848938
44.11999893,555.6121216
44.13000107,570.5888672
44.13999939,603.633667
44.15000153,600.0721436
44.15999985,575.4659424
44.16999817,566.8330078
44.18000031,546.2767944
44.18999863,602.8476563
44.20000076,579.7650757
44.20999908,583.2280884
44.22000122,558.9979858
44.22999954,696.0457764
44.24000168,558.430481
44.25,578.4025879
44.25999832,542.8624878
44.27000046,529.5818481
44.27999878,573.4168701
44.29000092,490.6384277
44.29999924,579.7688599
44.31000137,619.3887939
44.31999969,592.8289185
44.33000183,503.7743835
44.34000015,583.7810669
44.34999847,531.7233887
44.36000061,477.4460144
44.36999893,598.1623535
44.38000107,425.6315613
44.38999939,535.5240479
44.40000153,589.1431885
44.40999985,575.8632813
44.41999817,571.0546875
44.43000031,484.1583557
44.43999863,608.9963989
44.45000076,628.4527588
44.45999908,535.0108643
44.47000122,576.1781006
44.47999954,543.9579468
44.49000168,596.3582153
44.5,541.4850464
44.50999832,623.2000122
44.52000046,683.6254272
44.52999878,617.5813599
44.54000092,519.4082031
44.54999924,547.3594971
44.56000137,530.6613159
44.56999969,602.5482178
44.58000183,573.6235352
44.59000015,513.0669556
44.59999847,635.2363281
44.61000061,499.9134827
44.61999893,625.5400391
44.63000107,522.6331177
44.63999939,543.086731
44.65000153,511.4732056
44.65999985,576.9536133
44.66999817,598.5600586
44.68000031,630.4090576
44.68999863,565.0129395
44.70000076,596.2335205
44.70999908,550.8019409
44.72000122,545.833313
44.72999954,542.0599976
44.74000168,590.6479492
44.75,531.8753662
44.75999832,547.5400391
44.77000046,617.5200195
44.77999878,583.7989502
44.79000092,560.4667358
44.79999924,446.3005981
44.81000137,578.7589111
44.81999969,614.4498291
44.83000183,624.1021118
44.84000015,584.1661987
44.84999847,508.741272
44.86000061,570.3195801
44.86999893,605.0349121
44.88000107,549.2949829
44.88999939,560.0883179
44.90000153,562.5
44.90999985,536.7877197
44.91999817,540.6685791
44.93000031,603.9213867
44.93999863,557.6530151
44.95000076,553.6508789
44.95999908,572.3932495
44.97000122,560.44104
44.97999954,525.6257935
44.99000168,560.7478638
45,599.2738037
45.00999832,622.2538452
45.02000046,574.434021
45.02999878,570.2729492
45.04000092,531.225647
45.04999924,564.5462646
45.06000137,674.9298096
45.06999969,562.6444702
45.08000183,484.4127808
45.09000015,535.7373047
45.09999847,602.9085083
45.11000061,612.5
45.11999893,523.5993652
45.13000107,579.3421021
45.13999939,531.4041748
45.15000153,605.7756348
45.15999985,567.8282471
45.16999817,498.355896
45.18000031,554.4273682
45.18999863,559.6328735
45.20000076,596.9577637
45.20999908,604.166687
45.22000122,541.1644897
45.22999954,462.7706299
45.24000168,582.5794678
45.25,590.916626
45.25999832,597.9332275
45.27000046,596.527832
45.27999878,599.2998657
45.29000092,589.6171875
45.29999924,511.4823914
45.31000137,564.8282471
45.31999969,568.8342285
45.33000183,549.473938
45.34000015,494.3392334
45.34999847,562.1620483
45.36000061,568.9014893
45.36999893,576.9150391
45.38000107,603.0403442
45.38999939,625.3579102
45.40000153,561.180481
45.40999985,620.494751
45.41999817,566.3500977
45.43000031,597.3547363
45.43999863,621.8408203
45.45000076,584.5448608
45.45999908,571.6343384
45.47000122,517.0727539
45.47999954,564.5462646
45.49000168,636.0964355
45.5,543.0177612
45.50999832,586.7557983
45.52000046,580.8429565
45.52999878,588.3053589
45.54000092,561.7800903
45.54999924,590.6328735
45.56000137,606.6189575
45.56999969,598.4217529
45.58000183,562.8508301
45.59000015,511.3625183
45.59999847,562.453125
45.61000061,566.0411377
45.61999893,536.2939453
45.63000107,522.6264038
45.63999939,527.3623657
45.65000153,558.496582
45.65999985,625.2252808
45.66999817,553.9807129
45.68000031,597.2486572
45.68999863,606.9575806
45.70000076,633.2433472
45.70999908,522.3375854
45.72000122,471.4026184
45.72999954,508.4466553
45.74000168,543.2908325
45.75,505.1638794
45.75999832,581.1811523
45.77000046,611.5246582
45.77999878,587.0145874
45.79000092,591.8868408
45.79999924,589.4845581
45.81000137,587.5
45.81999969,568.5212402
45.83000183,613.0197144
45.84000015,553.5224609
45.84999847,607.8216553
45.86000061,589.3655396
45.86999893,515.4366455
45.88000107,608.4870605
45.88999939,608.3497925
45.90000153,549.0635986
45.90999985,564.456665
45.91999817,593.6401367
45.93000031,609.3031006
45.93999863,556.782959
45.95000076,531.3204956
45.95999908,553.8394165
45.97000122,590.2059937
45.97999954,636.8734741
45.99000168,619.3286133
46,657.3170776
46.00999832,671.9441528
46.02000046,646.4319458
46.02999878,628.3664551
46.04000092,634.1165771
46.04999924,613.234314
46.06000137,698.020752
46.06999969,669.8735962
46.08000183,703.1417847
46.09000015,776.1797485
46.09999847,732.7301636
46.11000061,735.3265991
46.11999893,760.8012695
46.13000107,778.6183472
46.13999939,708.7767944
46.15000153,688.0964355
46.15999985,721.3759766
46.16999817,718.507019
46.18000031,792.4091187
46.18999863,795.4606934
46.20000076,780.3850708
46.20999908,735.027832
46.22000122,719.6035767
46.22999954,785.3208008
46.24000168,753.9884644
46.25,781.7249756
46.25999832,719.6539917
46.27000046,729.8702393
46.27999878,683.2337036
46.29000092,691.8303223
46.29999924,682.3095703
46.31000137,650.6323853
46.31999969,630.1459961
46.33000183,702.6113892
46.34000015,720.2871094
46.34999847,692.4580688
46.36000061,680.4758911
46.36999893,662.0560303
46.38000107,534.6309814
46.38999939,584.2616577
46.40000153,582.3083496
46.40999985,580.9656372
46.41999817,577.5499268
46.43000031,624.3688965
46.43999863,641.5640869
46.45000076,609.4371338
46.45999908,623.8392944
46.47000122,648.6796265
46.47999954,542.5980835
46.49000168,568.222168
46.5,591.6663208
46.50999832,577.7890625
46.52000046,622.029541
46.52999878,656.8763428
46.54000092,645.9696655
46.54999924,615.505127
46.56000137,571.2427368
46.56999969,518.5731812
46.58000183,568.3065186
46.59000015,593.260437
46.59999847,598.3834229
46.61000061,615.0272827
46.61999893,599.1576538
46.63000107,571.2774658
46.63999939,594.8765869
46.65000153,564.0377808
46.65999985,524.0667725
46.66999817,578.328186
46.68000031,612.5
46.68999863,639.1951904
46.70000076,608.8818359
46.70999908,548.7780151
46.72000122,555.6906128
46.72999954,568.1866455
46.74000168,582.5125122
46.75,586.3961792
46.75999832,572.8151855
46.77000046,516.8139038
46.77999878,513.6811523
46.79000092,628.4378052
46.79999924,614.5129395
46.81000137,568.2323608
46.81999969,543.3094482
46.83000183,570.5990601
46.84000015,595.833313
46.84999847,595.833313
46.86000061,600.9780884
46.86999893,616.9998779
46.88000107,520.0023804
46.88999939,528.2672729
46.90000153,597.9452515
46.90999985,566.7125854
46.91999817,517.1958618
46.93000031,610.5228271
46.93999863,530.0995483
46.95000076,481.2291565
46.95999908,565.3171387
46.97000122,549.812561
46.97999954,511.6593933
46.99000168,563.2873535
47,585.046936
47.00999832,599.8644409
47.02000046,589.3789063
47.02999878,565.8833618
47.04000092,569.9077148
47.04999924,592.2445068
47.06000137,562.3847656
47.06999969,511.2651367
47.08000183,522.7424316
47.09000015,597.7991333
47.09999847,571.760376
47.11000061,578.43927
47.11999893,621.5133057
47.13000107,540.3850098
47.13999939,609.4052734
47.15000153,634.3903198
47.15999985,508.9229736
47.16999817,530.793457
47.18000031,618.5549316
47.18999863,636.9005127
47.20000076,562.0131226
47.20999908,553.3935547
47.22000122,563.8416138
47.22999954,552.9135742
47.24000168,617.1917114
47.25,617.8769531
47.25999832,590.3618164
47.27000046,556.1031494
47.27999878,576.2889404
47.29000092,574.8066406
47.29999924,583.4230347
47.31000137,609.7245483
47.31999969,604.166687
47.33000183,588.0490112
47.34000015,595.6708374
47.34999847,539.1879883
47.36000061,515.7304688
47.36999893,577.7459717
47.38000107,604.166687
47.38999939,606.4346313
47.40000153,592.4980469
47.40999985,606.2436523
47.41999817,624.6653442
47.43000031,627.5679932
47.43999863,586.3119507
47.45000076,557.000061
47.45999908,573.3494263
47.47000122,505.8469849
47.47999954,550.2525635
47.49000168,586.1560669
47.5,528.9243164
47.50999832,518.4038086
47.52000046,584.8674927
47.52999878,641.2512817
47.54000092,618.0634766
47.54999924,601.9910278
47.56000137,560.9425049
47.56999969,557.4613037
47.58000183,540.0171509
47.59000015,538.8840332
47.59999847,516.9105835
47.61000061,554.6776123
47.61999893,635.1572876
47.63000107,595.1879883
47.63999939,596.3978271
47.65000153,584.760376
47.65999985,594.4116211
47.66999817,620.6034546
47.68000031,633.6086426
47.68999863,628.9609375
47.70000076,616.734436
47.70999908,612.5018311
47.72000122,570.8687744
47.72999954,591.4796143
47.74000168,651.8562012
47.75,658.5658569
47.75999832,627.2285156
47.77000046,585.9388428
47.77999878,588.8932495
47.79000092,592.4086914
47.79999924,538.0215454
47.81000137,530.8444214
47.81999969,561.9902344
47.83000183,629.5124512
47.84000015,627.1079712
47.84999847,604.7097168
47.86000061,595.9212036
47.86999893,611.3412476
47.88000107,655.741272
47.88999939,608.9584961
47.90000153,585.9665527
47.90999985,586.8054199
47.91999817,586.2674561
47.93000031,598.2174072
47.93999863,615.5150757
47.95000076,574.72229
47.95999908,547.7719727
47.97000122,565.4630127
47.97999954,596.822998
47.99000168,620.1852417
48,619.5890503
48.00999832,615.97229
48.02000046,659.2713013
48.02999878,677.2218628
48.04000092,640.5380249
48.04999924,595.2075806
48.06000137,601.1875
48.06999969,652.7081909
48.08000183,630.8791504
48.09000015,569.6397705
48.09999847,572.3978882
48.11000061,626.8512573
48.11999893,580.6411133
48.13000107,586.3213501
48.13999939,639.3345947
48.15000153,648.9818726
48.15999985,654.6872559
48.16999817,617.2895508
48.18000031,602.1719971
48.18999863,666.3909912
48.20000076,680.7678223
48.20999908,658.9706421
48.22000122,674.4100342
48.22999954,652.4280396
48.24000168,655.7562256
48.25,681.7680054
48.25999832,665.2510376
48.27000046,698.7045288
48.27999878,718.8554688
48.29000092,707.114563
48.29999924,686.5126343
48.31000137,717.0151978
48.31999969,734.3584595
48.33000183,745.116333
48.34000015,744.8428345
48.34999847,732.3601685
48.36000061,750.6125488
48.36999893,773.8861694
48.38000107,774.5181885
48.38999939,783.8843994
48.40000153,777.7485352
48.40999985,797.3921509
48.41999817,788.3830566
48.43000031,866.682312
48.43999863,904.3262939
48.45000076,928.5014038
48.45999908,1044.52063
48.47000122,1026.19165
48.47999954,1116.847168
48.49000168,1220.710449
48.5,1348.603027
48.50999832,1490.992676
48.52000046,1633.148193
48.52999878,1774.893555
48.54000092,1926.333496
48.54999924,2036.872803
48.56000137,2119.921387
48.56999969,2334.883057
48.58000183,2453.736572
48.59000015,2595.80957
48.59999847,2869.530518
48.61000061,3005.228271
48.61999893,3022.001221
48.63000107,3048.832275
48.63999939,3195.964111
48.65000153,3195.025146
48.65999985,3209.216309
48.66999817,3179.58667
48.68000031,3195.115723
48.68999863,3052.042236
48.70000076,2745.910645
48.70999908,2758.2771
48.72000122,2784.323486
48.72999954,2584.422852
48.74000168,2523.802734
48.75,2479.803223
48.75999832,2381.520264
48.77000046,2234.30957
48.77999878,2162.205566
48.79000092,2076.065918
48.79999924,1993.057983
48.81000137,1761.051514
48.81999969,1769.875366
48.83000183,1742.808228
48.84000015,1561.26062
48.84999847,1361.730225
48.86000061,1230.336182
48.86999893,1132.750732
48.88000107,1177.174316
48.88999939,1084.653564
48.90000153,1016.354126
48.90999985,940.3303833
48.91999817,977.8430786
48.93000031,930.5189209
48.93999863,926.5525513
48.95000076,831.5238037
48.95999908,747.6898804
48.97000122,802.4141235
48.97999954,732.7670288
48.99000168,775
49,783.038208
49.00999832,769.3182373
49.02000046,717.4494629
49.02999878,719.381958
49.04000092,702.0057983
49.04999924,763.899292
49.06000137,695.5292358
49.06999969,655.7338257
49.08000183,662.9403687
49.09000015,672.3416748
49.09999847,644.5582886
49.11000061,689.3821411
49.11999893,678.1766357
49.13000107,606.3276978
49.13999939,625.8727417
49.15000153,623.7043457
49.15999985,614.138916
49.16999817,648.0251465
49.18000031,609.1149902
49.18999863,619.6019287
49.20000076,628.9237061
49.20999908,647.3531494
49.22000122,642.6914063
49.22999954,658.3649292
49.24000168,578.6964722
49.25,623.8982544
49.25999832,642.2424316
49.27000046,560.8320313
49.27999878,532.9048462
49.29000092,639.5396729
49.29999924,604.5249023
49.31000137,611.9082031
49.31999969,552.7789307
49.33000183,580.0487671
49.34000015,611.0443115
49.34999847,613.1981812
49.36000061,575.3731079
49.36999893,590.8878784
49.38000107,603.3709106
49.38999939,609.1460571
49.40000153,593.3260498
49.40999985,591.6000977
49.41999817,623.1866455
49.43000031,596.4778442
49.43999863,593.0132446
49.45000076,529.034729
49.45999908,658.9703979
49.47000122,614.2719116
49.47999954,598.2736816
49.49000168,638.4820557
49.5,609.1046143
49.50999832,548.949707
49.52000046,529.1192017
49.52999878,508.2588196
49.54000092,592.7332153
49.54999924,602.8606567
49.56000137,644.1016235
49.56999969,588.5165405
49.58000183,593.6884766
49.59000015,571.8522949
49.59999847,510.3241577
49.61000061,609.75
49.61999893,637.3632202
49.63000107,588.2474976
49.63999939,596.348877
49.65000153,554.3158569
49.65999985,511.5921631
49.66999817,574.010376
49.68000031,618.838501
49.68999863,517.0859375
49.70000076,570.2818604
49.70999908,571.9893188
49.72000122,610.9546509
49.72999954,535.1870728
49.74000168,560.0921021
49.75,615.8431396
49.75999832,586.9737549
49.77000046,595.477356
49.77999878,589.0551147
49.79000092,650.0145874
49.79999924,710.5934448
49.81000137,594.9511108
49.81999969,584.6533203
49.83000183,546.1378784
49.84000015,519.9074707
49.84999847,580.3536987
49.86000061,538.7761841
49.86999893,593.0537109
49.88000107,545.1397095
49.88999939,585.8023071
49.90000153,551.6812134
49.90999985,522.3866577
49.91999817,579.987793
49.93000031,585.7800903
49.93999863,616.0844116
49.95000076,671.0377197
49.95999908,559.5876465
49.97000122,596.8262329
49.97999954,595.1520386
49.99000168,636.4447021
50,615.2548828
50.00999832,698.4573364
50.02000046,673.2869873
50.02999878,580.262085
50.04000092,552.5651855
50.04999924,655.3362427
50.06000137,629.7663574
50.06999969,589.7652588
50.08000183,657.6005859
50.09000015,638.1669922
50.09999847,568.9958496
50.11000061,590.6885376
50.11999893,539.4364014
50.13000107,515.3861694
50.13999939,544.4016724
50.15000153,520.8325195
50.15999985,551.3102417
50.16999817,604.1000977
50.18000031,611.442627
50.18999863,553.7697754
50.20000076,615.9997559
50.20999908,603.239624
50.22000122,556.7906494
50.22999954,569.5322876
50.24000168,572.1759644
50.25,626.2792358
50.25999832,638.4065552
50.27000046,657.8648682
50.27999878,595.8682861
50.29000092,541.6807861
50.29999924,622.8032837
50.31000137,540.5346069
50.31999969,576.3778687
50.33000183,661.27948
50.34000015,535.072876
50.34999847,574.9296875
50.36000061,594.7821045
50.36999893,575.135498
50.38000107,645.6328125
50.38999939,588.8491211
50.40000153,565.8104858
50.40999985,544.9396362
50.41999817,606.604248
50.43000031,524.9629517
50.43999863,609.942749
50.45000076,618.7090454
50.45999908,597.8586426
50.47000122,549.4841309
50.47999954,517.6964722
50.49000168,534.1710205
50.5,599.4959106
50.50999832,599.8232422
50.52000046,625.2197876
50.52999878,608.03302
50.54000092,689.8650513
50.54999924,605.3412476
50.56000137,540.5623169
50.56999969,466.6666565
50.58000183,480.5016479
50.59000015,596.2247925
50.59999847,626.1259766
50.61000061,572.0079956
50.61999893,604.7929688
50.63000107,517.6338501
50.63999939,629.4715576
50.65000153,594.9858398
50.65999985,587.5
50.66999817,585.0214233
50.68000031,569.8397827
50.68999863,643.9390869
50.70000076,687.4873657
50.70999908,531.9093628
50.72000122,557.1738281
50.72999954,545.4521484
50.74000168,544.2978516
50.75,571.2039185
50.75999832,579.0181274
50.77000046,608.2335815
50.77999878,482.8034363
50.79000092,559.3289795
50.79999924,483.6403503
50.81000137,538.7548828
50.81999969,591.9942627
50.83000183,507.2225647
50.84000015,589.4054565
50.84999847,559.3223877
50.86000061,526.770813
50.86999893,605.5302734
50.88000107,664.1286011
50.88999939,530.6378784
50.90000153,600.9603882
50.90999985,555.7572021
50.91999817,521.1143188
50.93000031,526.9302979
50.93999863,555.5192871
50.95000076,569.428833
50.95999908,494.0016479
50.97000122,592.1763306
50.97999954,597.5037842
50.99000168,561.7550659
51,613.3179321
51.00999832,561.3751831
51.02000046,609.7545776
51.02999878,560.7113647
51.04000092,534.6262817
51.04999924,629.4958496
51.06000137,560.2053833
51.06999969,594.6164551
51.08000183,570.833313
51.09000015,571.9880981
51.09999847,596.9570313
51.11000061,621.5617676
51.11999893,635.7305298
51.13000107,600.9868774
51.13999939,717.5007935
51.15000153,635.5623169
51.15999985,588.7505493
51.16999817,623.5544434
51.18000031,697.0015869
51.18999863,726.2079468
51.20000076,644.2460327
51.20999908,719.3964233
51.22000122,677.1334839
51.22999954,742.7035522
51.24000168,637.6152344
51.25,643.8695068
51.25999832,723.949707
51.27000046,684.0328369
51.27999878,712.5
51.29000092,711.6925049
51.29999924,678.1312866
51.31000137,826.1442261
51.31999969,670.6844482
51.33000183,662.0838013
51.34000015,637.6928711
51.34999847,650.1776733
51.36000061,661.1463013
51.36999893,559.1186523
51.38000107,624.9119873
51.38999939,616.4718628
51.40000153,596.1724243
51.40999985,638.0772705
51.41999817,720.4046021
51.43000031,645.7769775
51.43999863,633.4570313
51.45000076,670.7897949
51.45999908,650.0110474
51.47000122,662.4959717
51.47999954,591.7747803
51.49000168,620.7537231
51.5,600.0819092
51.50999832,558.5472412
51.52000046,657.6999512
51.52999878,592.1688843
51.54000092,632.9695435
51.54999924,530.2008667
51.56000137,595.0916748
51.56999969,550.5646362
51.58000183,656.8693237
51.59000015,522.8555298
51.59999847,557.7371216
51.61000061,668.9107666
51.61999893,560.3897095
51.63000107,615.5310669
51.63999939,653.3920898
51.65000153,584.8804321
51.65999985,603.6869507
51.66999817,604.166687
51.68000031,604.166687
51.68999863,583.8870239
51.70000076,563.0783081
51.70999908,522.0390625
51.72000122,589.5334473
51.72999954,535.1588135
51.74000168,593.803894
51.75,499.197937
51.75999832,523.984375
51.77000046,508.9332275
51.77999878,600.6049194
51.79000092,536.0488892
51.79999924,541.3374634
51.81000137,517.6835327
51.81999969,588.5284424
51.83000183,551.7920532
51.84000015,550
51.84999847,538.0667114
51.86000061,628.8768921
51.86999893,581.7484741
51.88000107,610.8724976
51.88999939,568.9575806
51.90000153,554.8059692
51.90999985,546.269165
51.91999817,608.9362793
51.93000031,549.4740601
51.93999863,569.439209
51.95000076,555.1152954
51.95999908,538.4678345
51.97000122,553.1796875
51.97999954,511.1001892
51.99000168,523.9747314
52,525
52.00999832,552.305603
52.02000046,554.166687
52.02999878,491.9063416
52.04000092,580.7763062
52.04999924,599.1452637
52.06000137,580.6149292
52.06999969,532.6994629
52.08000183,598.7822266
52.09000015,472.8315125
52.09999847,636.1132202
52.11000061,634.5866089
52.11999893,548.6634521
52.13000107,510.9153137
52.13999939,500.6549072
52.15000153,530.6760864
52.15999985,609.9295654
52.16999817,532.5140381
52.18000031,589.9473877
52.18999863,614.9121094
52.20000076,544.2562256
52.20999908,453.7590942
52.22000122,510.4628906
52.22999954,607.7965698
52.24000168,563.5727539
52.25,569.6966553
52.25999832,646.4959106
52.27000046,499.2486267
52.27999878,600.3228149
52.29000092,604.9615479
52.29999924,581.5790405
52.31000137,552.8468018
52.31999969,542.4892578
52.33000183,496.6575317
52.34000015,581.5745239
52.34999847,617.857605
52.36000061,643.255188
52.36999893,612.2418823
52.38000107,623.2445679
52.38999939,695.741333
52.40000153,592.6068726
52.40999985,634.8781128
52.41999817,615.6998901
52.43000031,582.8601685
52.43999863,701.2810059
52.45000076,494.913147
52.45999908,566.333252
52.47000122,568.1062012
52.47999954,625.5834351
52.49000168,559.777771
52.5,630.8117676
52.50999832,582.9666138
52.52000046,637.2922363
52.52999878,605.5760498
52.54000092,632.8973389
52.54999924,509.7229919
52.56000137,550.0073242
52.56999969,707.6477661
52.58000183,561.8488159
52.59000015,552.0314941
52.59999847,543.2813721
52.61000061,538.0427246
52.61999893,620.7490234
52.63000107,683.944458
52.63999939,547.2409058
52.65000153,579.0932007
52.65999985,681.1465454
52.66999817,587.9121704
52.68000031,610.355896
52.68999863,587.958252
52.70000076,551.0759888
52.70999908,578.0511475
52.72000122,576.1826172
52.72999954,557.1450806
52.74000168,561.2998657
52.75,573.1867065
52.75999832,553.652771
52.77000046,603.3026123
52.77999878,651.5406494
52.79000092,580.3476563
52.79999924,570.2071533
52.81000137,528.3998413
52.81999969,552.6195068
52.83000183,664.1574097
52.84000015,598.77771
52.84999847,593.8898315
52.86000061,648.5513306
52.86999893,612.7003174
52.88000107,663.7675781
52.88999939,569.9505615
52.90000153,605.9578247
52.90999985,623.652832
52.91999817,558.7124634
52.93000031,605.0707397
52.93999863,647.9893188
52.95000076,570.7415771
52.95999908,574.9974365
52.97000122,641.5827026
52.97999954,664.5566406
52.99000168,600.9438477
53,615.1389771
53.00999832,717.4518433
53.02000046,654.7851563
53.02999878,647.8267212
53.04000092,663.7521973
53.04999924,608.2910156
53.06000137,578.6849365
53.06999969,660.6375122
53.08000183,662.0599976
53.09000015,730.09375
53.09999847,691.2252808
53.11000061,617.807312
53.11999893,702.9031372
53.13000107,629.7841797
53.13999939,645.6940918
53.15000153,718.6204224
53.15999985,723.1687622
53.16999817,686.9926758
53.18000031,658.8869019
53.18999863,728.4355469
53.20000076,809.8968506
53.20999908,855.309082
53.22000122,791.864563
53.22999954,734.685791
53.24000168,805.5307007
53.25,855.1624146
53.25999832,872.5419922
53.27000046,804.7911987
53.27999878,894.3554077
53.29000092,1004.213196
53.29999924,1034.99353
53.31000137,994.2471924
53.31999969,883.6396484
53.33000183,1107.266724
53.34000015,1084.640503
53.34999847,1208.188843
53.36000061,1308.668579
53.36999893,1093.78064
53.38000107,1326.958252
53.38999939,1486.546265
53.40000153,1340.481079
53.40999985,1325.418701
53.41999817,1333.333374
53.43000031,1323.495239
53.43999863,1278.252808
53.45000076,1256.852173
53.45999908,1254.166626
53.47000122,1286.803223
53.47999954,1214.339722
53.49000168,1247.015991
53.5,1220.224731
53.50999832,1130.380127
53.52000046,1205.658447
53.52999878,1178.248413
53.54000092,1168.9729
53.54999924,1177.298462
53.56000137,1020.960266
53.56999969,1136.242676
53.58000183,1035.16687
53.59000015,1072.096069
53.59999847,899.8192139
53.61000061,905.8571167
53.61999893,925
53.63000107,908.9904785
53.63999939,939.3457642
53.65000153,796.6733398
53.65999985,890.3828125
53.66999817,860.0383301
53.68000031,761.1088257
53.68999863,782.0087891
53.70000076,738.675415
53.70999908,838.185791
53.72000122,795.8014526
53.72999954,736.0270996
53.74000168,699.7161865
53.75,653.7856445
53.75999832,632.2075806
53.77000046,654.3612671
53.77999878,693.9562378
53.79000092,616.192749
53.79999924,615.7441406
53.81000137,637.538208
53.81999969,641.666687
53.83000183,676.06604
53.84000015,628.1524048
53.84999847,595.8536987
53.86000061,660.2243652
53.86999893,599.2925415
53.88000107,558.3973389
53.88999939,582.1149902
53.90000153,656.8034668
53.90999985,629.5963745
53.91999817,652.7290649
53.93000031,598.6658325
53.93999863,584.262085
53.95000076,578.2486572
53.95999908,599.6416626
53.97000122,580.6435547
53.97999954,555.4678955
53.99000168,592.9735107
54,605.267334
54.00999832,536.7925415
54.02000046,567.560791
54.02999878,575.2783813
54.04000092,567.7814331
54.04999924,563.6182861
54.06000137,568.5897827
54.06999969,579.9575195
54.08000183,543.840332
54.09000015,574.6833496
54.09999847,594.6976318
54.11000061,532.2554932
54.11999893,550.6702271
54.13000107,575.7285156
54.13999939,660.6305542
54.15000153,571.1166382
54.15999985,567.1445923
54.16999817,619.4162598
54.18000031,588.2807617
54.18999863,555.8328247
54.20000076,576.9703979
54.20999908,632.3999634
54.22000122,652.9899292
54.22999954,594.4349976
54.24000168,612.5984497
54.25,545.7303467
54.25999832,560.1243286
54.27000046,591.0593872
54.27999878,601.7730103
54.29000092,607.1331787
54.29999924,587.5908203
54.31000137,602.8459473
54.31999969,506.0621338
54.33000183,542.239502
54.34000015,616.3004761
54.34999847,597.97229
54.36000061,595.1072998
54.36999893,550.0161133
54.38000107,567.3473511
54.38999939,615.6043701
54.40000153,576.4177856
54.40999985,603.9301758
54.41999817,598.6835938
54.43000031,599.1833496
54.43999863,542.8965454
54.45000076,577.8696289
54.45999908,618.7228394
54.47000122,587.1952515
54.47999954,608.5968018
54.49000168,639.508606
54.5,613.9491577
54.50999832,539.1963501
54.52000046,564.5608521
54.52999878,564.3869019
54.54000092,585.9127808
54.54999924,568.288147
54.56000137,574.3251953
54.56999969,557.4431763
54.58000183,597.5579834
54.59000015,563.4231567
54.59999847,517.4279785
54.61000061,599.9929199
54.61999893,601.6084595
54.63000107,583.333313
54.63999939,591.8989258
54.65000153,544.4942627
54.65999985,594.9110718
54.66999817,669.0123901
54.68000031,630.6377563
54.68999863,607.0067749
54.70000076,642.3787231
54.70999908,615.8214111
54.72000122,567.5218506
54.72999954,548.5103149
54.74000168,517.5811157
54.75,566.2565308
54.75999832,590.1947021
54.77000046,595.9491577
54.77999878,566.2385254
54.79000092,558.4316406
54.79999924,590.5762329
54.81000137,598.557251
54.81999969,525.7876587
54.83000183,488.8677368
54.84000015,554.6055298
54.84999847,567.9476318
54.86000061,552.7526855
54.86999893,597.387207
54.88000107,523.3710327
54.88999939,533.4178467
54.90000153,559.7210083
54.90999985,550.0048828
54.91999817,493.13974
54.93000031,533.159729
54.93999863,530.6859131
54.95000076,551.2095337
54.95999908,521.1138916
54.97000122,562.0595093
54.97999954,554.4833374
54.99000168,574.6420898
55,562.8192139
55.00999832,573.317749
55.02000046,571.0256958
55.02999878,546.0419922
55.04000092,581.3447266
55.04999924,604.166687
55.06000137,576.8175659
55.06999969,592.5545044
55.08000183,594.6855469
55.09000015,584.7731323
55.09999847,566.987915
55.11000061,593.7140503
55.11999893,604.3431396
55.13000107,635.3122559
55.13999939,580.8965454
55.15000153,541.666687
55.15999985,533.5411987
55.16999817,648.2264404
55.18000031,625.9937744
55.18999863,568.3637085
55.20000076,613.7653809
55.20999908,576.9718018
55.22000122,557.8250732
55.22999954,636.6204834
55.24000168,618.5519409
55.25,595.5564575
55.25999832,549.0236206
55.27000046,550.3184204
55.27999878,550.598877
55.29000092,643.3349609
55.29999924,609.1178589
55.31000137,585.0386963
55.31999969,597.3319092
55.33000183,614.4927368
55.34000015,651.631897
55.34999847,640.0591431
55.36000061,595.7583618
55.36999893,584.4785156
55.38000107,608.7280884
55.38999939,549.2531128
55.40000153,553.3617554
55.40999985,555.3494873
55.41999817,602.4783325
55.43000031,555.6095581
55.43999863,545.2832031
55.45000076,603.5838013
55.45999908,646.0768433
55.47000122,642.5396118
55.47999954,604.4036865
55.49000168,550.7126465
55.5,563.2965088
55.50999832,554.4793701
55.52000046,582.053772
55.52999878,587.3850098
55.54000092,564.5348511
55.54999924,568.7894897
55.56000137,535.822998
55.56999969,556.8626709
55.58000183,559.8671875
55.59000015,527.5973511
55.59999847,592.1517944
55.61000061,564.6791992
55.61999893,518.2348022
55.63000107,558.2088623
55.63999939,593.7102051
55.65000153,545.5665894
55.65999985,556.5286865
55.66999817,580.7455444
55.68000031,641.2225342
55.68999863,630.0793457
55.70000076,592.2556763
55.70999908,561.706604
55.72000122,594.8010864
55.72999954,511.6924438
55.74000168,487.9825134
55.75,570.6585693
55.75999832,588.7526855
55.77000046,540.6624146
55.77999878,575.6598511
55.79000092,576.6193848
55.79999924,551.6057739
55.81000137,532.0878296
55.81999969,566.8574219
55.83000183,567.7293091
55.84000015,532.1294556
55.84999847,553.9959717
55.86000061,557.1568604
55.86999893,568.757019
55.88000107,560.427063
55.88999939,589.0679932
55.90000153,614.1253662
55.90999985,559.1727295
55.91999817,537.6875
55.93000031,566.1182251
55.93999863,546.2280884
55.95000076,532.5955811
55.95999908,537.5
55.97000122,552.6690063
55.97999954,575.1316528
55.99000168,595.9558716
56,583.9851685
56.00999832,540.5828247
56.02000046,488.0852966
56.02999878,527.081665
56.04000092,576.7286987
56.04999924,558.1958618
56.06000137,531.6187134
56.06999969,567.6740723
56.08000183,553.1887817
56.09000015,545.0541992
56.09999847,548.3131104
56.11000061,534.1566162
56.11999893,559.1864624
56.13000107,574.166748
56.13999939,560.84021
56.15000153,569.1463623
56.15999985,634.0556641
56.16999817,620.9672241
56.18000031,542.6499634
56.18999863,569.770874
56.20000076,588.4259644
56.20999908,575
56.22000122,612.2780762
56.22999954,612.6638184
56.24000168,566.0488892
56.25,548.3137817
56.25999832,616.9303589
56.27000046,625.3397217
56.27999878,550.4838257
56.29000092,595.8434448
56.29999924,615.3814697
56.31000137,586.7241821
56.31999969,514.1807861
56.33000183,535.7773438
56.34000015,573.4663086
56.34999847,574.0625
56.36000061,628.4429321
56.36999893,586.1669922
56.38000107,577.6296997
56.38999939,603.4143677
56.40000153,654.0769043
56.40999985,652.3607178
56.41999817,578.3509521
56.43000031,563.0100098
56.43999863,619.1435547
56.45000076,561.7625732
56.45999908,563.6913452
56.47000122,627.9197388
56.47999954,595.1746216
56.49000168,601.6296997
56.5,607.1682129
56.50999832,589.2236938
56.52000046,563.0837402
56.52999878,589.7590942
56.54000092,623.2723389
56.54999924,661.565979
56.56000137,641.2074585
56.56999969,596.1574707
56.58000183,568.0286865
56.59000015,597.9545898
56.59999847,609.715332
56.61000061,654.1577759
56.61999893,683.6885376
56.63000107,626.4451904
56.63999939,632.9177246
56.65000153,601.8666382
56.65999985,601.9678955
56.66999817,633.333313
56.68000031,679.3473511
56.68999863,714.9206543
56.70000076,699.7303467
56.70999908,610.1135254
56.72000122,595.2589111
56.72999954,615.3357544
56.74000168,596.258606
56.75,662.3287964
56.75999832,620.1574097
56.77000046,566.8814697
56.77999878,627.3777466
56.79000092,628.7672729
56.79999924,640.2928467
56.81000137,632.9636841
56.81999969,605.927002
56.83000183,654.6772461
56.84000015,645.9862671
56.84999847,607.6936035
56.86000061,642.6017456
56.86999893,620.4083862
56.88000107,614.5358276
56.88999939,613.5079956
56.90000153,588.6386719
56.90999985,595.3195801
56.91999817,716.7920532
56.93000031,661.0708618
56.93999863,589.4603271
56.95000076,650.795105
56.95999908,643.2789307
56.97000122,595.142334
56.97999954,591.1200562
56.99000168,645.4057617
57,574.0559082
57.00999832,624.7849731
57.02000046,625.3487549
57.02999878,592.3465576
57.04000092,544.5011597
57.04999924,535.1904907
57.06000137,675.71521
57.06999969,670.7672119
57.08000183,646.4454956
57.09000015,639.2821655
57.09999847,557.7513428
57.11000061,599.9516602
57.11999893,617.3032837
57.13000107,604.7351685
57.13999939,587.5524902
57.15000153,574.3821411
57.15999985,578.5820313
57.16999817,544.1261597
57.18000031,589.684021
57.18999863,608.4387817
57.20000076,580.9606323
57.20999908,500.8918762
57.22000122,522.2890625
57.22999954,661.5610962
57.24000168,652.1080322
57.25,621.3223267
57.25999832,601.9730835
57.27000046,572.6322021
57.27999878,558.9977417
57.29000092,573.6645508
57.29999924,620.0562744
57.31000137,596.7287598
57.31999969,567.2290039
57.33000183,582.652771
57.34000015,636.5686646
57.34999847,552.7008667
57.36000061,597.1364136
57.36999893,636.2410278
57.38000107,566.2523193
57.38999939,573.6026611
57.40000153,594.0263672
57.40999985,576.9603271
57.41999817,557.7828979
57.43000031,518.7965088
57.43999863,555.3182373
57.45000076,606.5236206
57.45999908,603.6205444
57.47000122,602.355896
57.47999954,590.0345459
57.49000168,581.5215454
57.5,618.6485596
57.50999832,629.3563232
57.52000046,586.0728149
57.52999878,578.9702759
57.54000092,624.6005859
57.54999924,666.4637451
57.56000137,625.0820313
57.56999969,595.088623
57.58000183,625.3222046
57.59000015,622.8652344
57.59999847,641.2299194
57.61000061,661.9680176
57.61999893,576.1209717
57.63000107,604.0922852
57.63999939,665.6074829
57.65000153,606.6832275
57.65999985,550.2352295
57.66999817,560.9697266
57.68000031,551.0073853
57.68999863,557.3215942
57.70000076,663.6187134
57.70999908,658.800354
57.72000122,611.2022705
57.72999954,567.4243774
57.74000168,543.2339478
57.75,530.7244263
57.75999832,601.5687866
57.77000046,645.0535889
57.77999878,655.4630737
57.79000092,639.3352661
57.79999924,671.5872803
57.81000137,664.6142578
57.81999969,613.8067627
57.83000183,650.4880371
57.84000015,673.9666138
57.84999847,699.4465942
57.86000061,720.317627
57.86999893,714.3257446
57.88000107,684.411377
57.88999939,650.7975464
57.90000153,693.152832
57.90999985,686.5318604
57.91999817,692.1176758
57.93000031,720.3206177
57.93999863,763.4564819
57.95000076,821.053772
57.95999908,790.7173462
57.97000122,798.6069946
57.97999954,903.4974976
57.99000168,916.2376099
58,925.4263916
58.00999832,895.1975708
58.02000046,944.0388184
58.02999878,978.7475586
58.04000092,950.5092773
58.04999924,998.5859985
58.06000137,1030.995605
58.06999969,1099.296143
58.08000183,1142.478882
58.09000015,1140.345703
58.09999847,1176.21936
58.11000061,1188.313477
58.11999893,1293.691284
58.13000107,1310.880981
58.13999939,1342.977051
58.15000153,1463.915405
58.15999985,1548.570068
58.16999817,1571.648438
58.18000031,1553.152222
58.18999863,1492.083984
58.20000076,1601.898926
58.20999908,1699.80127
58.22000122,1662.301392
58.22999954,1655.180908
58.24000168,1655.48938
58.25,1612.609497
58.25999832,1541.268677
58.27000046,1576.104736
58.27999878,1500.632935
58.29000092,1409.348022
58.29999924,1519.49707
58.31000137,1473.796387
58.31999969,1403.045898
58.33000183,1289.441284
58.34000015,1230.079102
58.34999847,1308.739136
58.36000061,1283.230713
58.36999893,1136.986572
58.38000107,1119.111328
58.38999939,1110.561646
58.40000153,1043.288574
58.40999985,1067.082642
58.41999817,1090.647827
58.43000031,1057.613647
58.43999863,1028.146851
58.45000076,927.2967529
58.45999908,891.5834961
58.47000122,890.4302979
58.47999954,880.699707
58.49000168,879.9716797
58.5,842.7634277
58.50999832,736.6175537
58.52000046,677.8518066
58.52999878,746.5046387
58.54000092,772.4346924
58.54999924,719.065918
58.56000137,715.0690918
58.56999969,749.7164307
58.58000183,729.730896
58.59000015,692.4623413
58.59999847,671.6279297
58.61000061,606.3087158
58.61999893,639.7705688
58.63000107,678.9240723
58.63999939,639.0799561
58.65000153,623.1755981
58.65999985,557.0674438
58.66999817,572.1066284
58.68000031,627.3430176
58.68999863,643.2263794
58.70000076,647.1359863
58.70999908,583.0708008
58.72000122,539.8441162
58.72999954,586.2103882
58.74000168,606.7651367
58.75,642.7333374
58.75999832,622.8793945
58.77000046,623.7333374
58.77999878,616.1066284
58.79000092,597.4108276
58.79999924,582.5210571
58.81000137,637.6008911
58.81999969,651.2357788
58.83000183,630.7521362
58.84000015,625.2312012
58.84999847,600.758606
58.86000061,619.8502808
58.86999893,582.9418335
58.88000107,556.2948608
58.88999939,601.3798218
58.90000153,587.3982544
58.90999985,624.1470337
58.91999817,597.4210815
58.93000031,537.5
58.93999863,542.2033081
58.95000076,625.8035889
58.95999908,659.2703247
58.97000122,573.9721069
58.97999954,565.0061035
58.99000168,609.9556885
59,576.1045532
59.00999832,532.2483521
59.02000046,586.2303467
59.02999878,605.0678711
59.04000092,597.46875
59.04999924,570.6317139
59.06000137,595.8731689
59.06999969,613.9273682
59.08000183,598.19104
59.09000015,616.5073853
59.09999847,612.6559448
59.11000061,663.6970825
59.11999893,636.9916992
59.13000107,534.3243408
59.13999939,521.2455444
59.15000153,610.694458
59.15999985,659.5818481
59.16999817,611.6484985
59.18000031,562.6282349
59.18999863,533.4579468
59.20000076,582.2886353
59.20999908,600.7963867
59.22000122,553.1547241
59.22999954,568.8121338
59.24000168,598.1990967
59.25,604.732666
59.25999832,622.5346069
59.27000046,597.8218384
59.27999878,575.5693359
59.29000092,586.2722778
59.29999924,551.3917847
59.31000137,584.8146973
59.31999969,564.5960083
59.33000183,552.8041382
59.34000015,580.9619141
59.34999847,543.586731
59.36000061,526.1570435
59.36999893,552.3187866
59.38000107,571.4142456
59.38999939,551.2561646
59.40000153,597.4580688
59.40999985,650.5845337
59.41999817,601.8898926
59.43000031,564.8768311
59.43999863,540.5146484
59.45000076,554.1265259
59.45999908,579.166687
59.47000122,564.890564
59.47999954,566.0666504
59.49000168,546.432373
59.5,553.5754395
59.50999832,610.7290649
59.52000046,542.1963501
59.52999878,487.5160828
59.54000092,542.9104614
59.54999924,570.230835
59.56000137,573.8224487
59.56999969,605.4118652
59.58000183,625
59.59000015,589.1906128
59.59999847,562.5
59.61000061,552.9453125
59.61999893,550.6120605
59.63000107,592.4076538
59.63999939,596.9257202
59.65000153,591.1240234
59.65999985,556.9407959
59.66999817,539.3573608
59.68000031,530.8511353
59.68999863,533.4269409
59.70000076,543.4382935
59.70999908,527.2919922
59.72000122,555.0108643
59.72999954,576.1416016
59.74000168,566.0373535
59.75,584.088562
59.75999832,619.1958008
59.77000046,609.3311157
59.77999878,579.6618042
59.79000092,563.6281128
59.79999924,553.5283813
59.81000137,600.4683228
59.81999969,625.4799194
59.83000183,621.4762573
59.84000015,540.8052368
59.84999847,527.293457
59.86000061,545.6501465
59.86999893,555.0044556
59.88000107,582.87677
59.88999939,586.8477173
59.90000153,561.6408691
59.90999985,613.3433838
59.91999817,599.7913208
59.93000031,607.2455444
59.93999863,595.1502075
59.95000076,570.4047852
59.95999908,627.46875
59.97000122,606.9337769
59.97999954,581.1671143
59.99000168,572.3261719
60,546.241394
60.00999832,566.5306396
60.02000046,568.1395874
60.02999878,568.6919556
60.04000092,603.3839111
60.04999924,596.607666
60.06000137,574.3198242
60.06999969,590.227356
60.08000183,562.9398804
60.09000015,560.0188599
60.09999847,564.6057739
60.11000061,512.8962402
60.11999893,471.1906433
60.13000107,579.1112061
60.13999939,606.6038208
60.15000153,564.2355347
60.15999985,577.0921021
60.16999817,587.5
60.18000031,587.5
60.18999863,575.3267822
60.20000076,537.4402466
60.20999908,521.5394897
60.22000122,554.2477417
60.22999954,553.0561523
60.24000168,535.0609131
60.25,560.1733398
60.25999832,581.6075439
60.27000046,595.5423584
60.27999878,584.625
60.29000092,602.6003418
60.29999924,595.6656494
60.31000137,619.0180054
60.31999969,610.8582153
60.33000183,512.3622437
60.34000015,526.1532593
60.34999847,556.1385498
60.36000061,570.3338623
60.36999893,577.6960449
60.38000107,534.0546265
60.38999939,491.1633911
60.40000153,538.0574951
60.40999985,613.5327759
60.41999817,666.9679565
60.43000031,621.1715698
60.43999863,584.8302002
60.45000076,554.7891235
60.45999908,543.9234009
60.47000122,532.0230103
60.47999954,605.2757568
60.49000168,624.8071899
60.5,598.2966309
60.50999832,666.5345459
60.52000046,608.9612427
60.52999878,559.6955566
60.54000092,535.5256958
60.54999924,557.6956177
60.56000137,576.8521118
60.56999969,616.0679321
60.58000183,578.3398438
60.59000015,595.9111938
60.59999847,651.5586548
60.61000061,655.859375
60.61999893,570.0176392
60.63000107,524.8798218
60.63999939,543.2411499
60.65000153,624.3382568
60.65999985,622.9423828
60.66999817,540.3813477
60.68000031,580.2802734
60.68999863,614.2750854
60.70000076,594.2349243
60.70999908,604.8875122
60.72000122,626.6064453
60.72999954,648.2490234
60.74000168,601.1333618
60.75,592.3555908
60.75999832,610.0110474
60.77000046,570.9834595
60.77999878,565.7614136
60.79000092,624.0231323
60.79999924,576.8822632
60.81000137,539.9644165
60.81999969,604.8919678
60.83000183,621.6977539
60.84000015,598.3447876
60.84999847,569.1831665
60.86000061,636.6402588
60.86999893,621.6602173
60.88000107,557.4911499
60.88999939,640.9206543
60.90000153,654.0999756
60.90999985,593.2852173
60.91999817,660.18396
60.93000031,679.0698853
60.93999863,591.4793091
60.95000076,570.0682983
60.95999908,568.2758179
60.97000122,656.2478638
60.97999954,668.0881348
60.99000168,593.1296997
61,579.2355347
61.00999832,605.1038208
61.02000046,644.3413696
61.02999878,672.567749
61.04000092,681.6846313
61.04999924,708.5238647
61.06000137,684.6782227
61.06999969,703.7144165
61.08000183,708.1110229
61.09000015,666.4337158
61.09999847,682.8166504
61.11000061,683.9633179
61.11999893,685.9922485
61.13000107,703.4160156
61.13999939,713.390564
61.15000153,698.9588013
61.15999985,700.1538086
61.16999817,693.142334
61.18000031,741.59021
61.18999863,807.0404663
61.20000076,789.5092163
61.20999908,769.2028198
61.22000122,773.3705444
61.22999954,873.9931641
61.24000168,810.5317383
61.25,914.6191406
61.25999832,1002.835022
61.27000046,983.333313
61.27999878,891.760498
61.29000092,963.1167603
61.29999924,1007.645508
61.31000137,1054.647705
61.31999969,1026.107178
61.33000183,1096.425903
61.34000015,1252.439819
61.34999847,1375.602783
61.36000061,1499.957031
61.36999893,1621.49707
61.38000107,1648.78479
61.38999939,1691.168701
61.40000153,1809.372437
61.40999985,2113.167725
61.41999817,2165.917236
61.43000031,2107.680176
61.43999863,2189.333496
61.45000076,2393.794922
61.45999908,2348.121582
61.47000122,2299.36377
61.47999954,2150.546143
61.49000168,2095.565186
61.5,2011.052734
61.50999832,1934.931152
61.52000046,1974.45166
61.52999878,1953.722168
61.54000092,1899.279053
61.54999924,1837.015869
61.56000137,1746.550293
61.56999969,1847.404541
61.58000183,1825.120605
61.59000015,1696.471069
61.59999847,1807.897705
61.61000061,1752.951416
61.61999893,1523.131348
61.63000107,1587.256226
61.63999939,1583.591675
61.65000153,1522.415771
61.65999985,1427.762085
61.66999817,1404.456787
61.68000031,1303.386475
61.68999863,1218.812134
61.70000076,1240.987061
61.70999908,1108.064941
61.72000122,982.9714355
61.72999954,926.1973877
61.74000168,919.7315674
61.75,895.4283447
61.75999832,872.4036255
61.77000046,844.8587036
61.77999878,852.553772
61.79000092,840.6699219
61.79999924,806.7945557
61.81000137,772.4163818
61.81999969,747.9213867
61.83000183,697.3970947
61.84000015,702.0957031
61.84999847,746.8963623
61.86000061,718.1740723
61.86999893,704.7092285
61.88000107,665.5269165
61.88999939,655.7750244
61.90000153,669.2785034
61.90999985,660.3815918
61.91999817,612.3421631
61.93000031,655.4935303
61.93999863,685.3684082
61.95000076,707.9573975
61.95999908,688.3417969
61.97000122,629.993042
61.97999954,616.1952515
61.99000168,631.3203125
62,650.6142578
62.00999832,676.7009888
62.02000046,619.2486572
62.02999878,584.4189453
62.04000092,566.4819946
62.04999924,627.760437
62.06000137,628.762146
62.06999969,630.4721069
62.08000183,672.1497803
62.09000015,705.9291992
62.09999847,711.3989868
62.11000061,687.2538452
62.11999893,698.7242432
62.13000107,649.2090454
62.13999939,620.4146729
62.15000153,564.2958374
62.15999985,537.0878906
62.16999817,557.515625
62.18000031,632.7313843
62.18999863,604.741394
62.20000076,516.4160767
62.20999908,577.4591675
62.22000122,607.9910889
62.22999954,590.5372925
62.24000168,582.2017822
62.25,608.3189697
62.25999832,625
62.27000046,625
62.27999878,598.4653931
62.29000092,599.2606201
62.29999924,600.3664551
62.31000137,630.3705444
62.31999969,615.4487305
62.33000183,603.8099365
62.34000015,581.7338867
62.34999847,590.6159058
62.36000061,593.5182495
62.36999893,531.5733032
62.38000107,547.956543
62.38999939,590.9919434
62.40000153,560.0040283
62.40999985,526.8301392
62.41999817,531.5075073
62.43000031,542.8392334
62.43999863,556.5160522
62.45000076,557.1564941
62.45999908,519.420166
62.47000122,542.7819824
62.47999954,539.9172974
62.49000168,589.223938
62.5,574.1358643
62.50999832,660.9923706
62.52000046,679.4539795
62.52999878,605.9224854
62.54000092,608.6608276
62.54999924,622.317627
62.56000137,583.2658081
62.56999969,586.6600342
62.58000183,602.6854858
62.59000015,569.2415771
62.59999847,574.1883545
62.61000061,579.434082
62.61999893,561.5515747
62.63000107,543.4037476
62.63999939,540.1917725
62.65000153,560.5163574
62.65999985,543.8948364
62.66999817,583.0643921
62.68000031,612.5
62.68999863,572.0456543
62.70000076,533.8120728
62.70999908,576.2813721
62.72000122,631.1671143
62.72999954,591.8118286
62.74000168,608.43573
62.75,603.598938
62.75999832,563.1626587
62.77000046,633.8602295
62.77999878,595.2748413
62.79000092,563.5360107
62.79999924,622.2895508
62.81000137,601.2337646
62.81999969,561.4487915
62.83000183,554.166687
62.84000015,605.699707
62.84999847,603.4873657
62.86000061,614.6427612
62.86999893,593.868042
62.88000107,575
62.88999939,599.4555054
62.90000153,555.4161987
62.90999985,525
62.91999817,603.8876953
62.93000031,596.850708
62.93999863,551.7775879
62.95000076,555.2828369
62.95999908,597.914856
62.97000122,567.6130371
62.97999954,549.8452148
62.99000168,608.7098999
63,615.6749268
63.00999832,571.4172974
63.02000046,581.4675293
63.02999878,609.4885864
63.04000092,531.973938
63.04999924,558.5577393
63.06000137,623.1728516
63.06999969,645.7047729
63.08000183,606.2260132
63.09000015,621.6489868
63.09999847,597.8621216
63.11000061,583.2161865
63.11999893,546.4046631
63.13000107,629.144165
63.13999939,573.670105
63.15000153,607.1699829
63.15999985,604.7843018
63.16999817,620.3327026
63.18000031,597.7412109
63.18999863,550.2835693
63.20000076,658.3769531
63.20999908,621.9005737
63.22000122,614.8182373
63.22999954,607.2501831
63.24000168,533.8977051
63.25,537.1885376
63.25999832,518.3811035
63.27000046,538.5510864
63.27999878,585.8789673
63.29000092,586.2226563
63.29999924,565.3847656
63.31000137,657.5953369
63.31999969,653.1697998
63.33000183,567.0594482
63.34000015,490.5805054
63.34999847,588.1445923
63.36000061,614.097229
63.36999893,570.9696045
63.38000107,610.84021
63.38999939,546.2747192
63.40000153,566.3666992
63.40999985,597.2338257
63.41999817,565.3959961
63.43000031,583.2147827
63.43999863,591.6937256
63.45000076,562.5733643
63.45999908,516.7541504
63.47000122,572.0550537
63.47999954,591.7001343
63.49000168,597.1986084
63.5,620.8100586
63.50999832,587.5454102
63.52000046,544.4619141
63.52999878,561.0976563
63.54000092,561.1136475
63.54999924,609.7287598
63.56000137,576.3634033
63.56999969,556.9523926
63.58000183,565.2805786
63.59000015,513.8198853
63.59999847,512.5400391
63.61000061,502.7356567
63.61999893,597.453125
63.63000107,608.2300415
63.63999939,657.1367188
63.65000153,577.4295654
63.65999985,612.8066406
63.66999817,638.8182983
63.68000031,598.491394
63.68999863,588.9122314
63.70000076,664.2127686
63.70999908,638.5976563
63.72000122,644.6266479
63.72999954,642.9520264
63.74000168,571.8797607
63.75,575.1960449
63.75999832,614.0256958
63.77000046,636.1825562
63.77999878,557.7747192
63.79000092,592.1898193
63.79999924,587.1980591
63.81000137,580.6599121
63.81999969,545.5090332
63.83000183,575.4025269
63.84000015,585.9956055
63.84999847,607.1827393
63.86000061,590.0075684
63.86999893,577.8030396
63.88000107,573.559082
63.88999939,576.4423218
63.90000153,576.3614502
63.90999985,541.3287354
63.91999817,527.8066406
63.93000031,596.5430298
63.93999863,544.9251709
63.95000076,577.1940918
63.95999908,643.4038696
63.97000122,559.9788208
63.97999954,616.5001831
63.99000168,585.1332397
64,588.0159302
64.01000214,588.6433716
64.01999664,553.8449707
64.02999878,547.2950439
64.04000092,538.7406006
64.05000305,507.9937744
64.05999756,560.6049805
64.06999969,574.7658081
64.08000183,611.7459717
64.08999634,591.0618286
64.09999847,553.9208984
64.11000061,517.6396484
64.12000275,571.8466797
64.12999725,575.9603882
64.13999939,537.1087646
64.15000153,564.5061646
64.16000366,591.8007813
64.16999817,609.9487915
64.18000031,599.7244873
64.19000244,580.3694458
64.19999695,575
64.20999908,538.2686768
64.22000122,560.3984375
64.23000336,581.9933472
64.23999786,560.7153931
64.25,603.7285156
64.26000214,566.9421387
64.26999664,557.3026733
64.27999878,538.37146
64.29000092,604.2421875
64.30000305,548.2557983
64.30999756,586.2709351
64.31999969,588.187561
64.33000183,568.0010376
64.33999634,617.6571655
64.34999847,638.833313
64.36000061,572.321167
64.37000275,561.5073853
64.37999725,539.649353
64.38999939,578.8729858
64.40000153,612.6744385
64.41000366,559.9379883
64.41999817,587.2350464
64.43000031,575.6134033
64.44000244,612.2537842
64.44999695,623.3079834
64.45999908,608.1500244
64.47000122,555.8974609
64.48000336,561.7316895
64.48999786,543.7566528
64.5,594.5043335
64.51000214,551.1281128
64.51999664,587.7086792
64.52999878,603.7805786
64.54000092,567.4075928
64.55000305,579.7537842
64.55999756,568.9191284
64.56999969,595.3037109
64.58000183,552.7697144
64.58999634,539.2235718
64.59999847,554.3687134
64.61000061,583.9432373
64.62000275,550.2981567
64.62999725,586.0936279
64.63999939,538.4846802
64.65000153,558.262207
64.66000366,623.1986084
64.66999817,607.4918823
64.68000031,583.1218262
64.69000244,619.0476685
64.69999695,577.6708374
64.70999908,598.439209
64.72000122,606.5847168
64.73000336,605.7001343
64.73999786,628.2862549
64.75,580.4849243
64.76000214,585.5286255
64.76999664,600
64.77999878,622.8139038
64.79000092,656.1497803
64.80000305,626.7334595
64.80999756,619.7440796
64.81999969,602.1761475
64.83000183,588.8134155
64.83999634,561.8178711
64.84999847,655.5927124
64.86000061,618.5424805
64.87000275,636.2549438
64.87999725,633.953125
64.88999939,620.833313
64.90000153,555.1635132
64.91000366,582.1092529
64.91999817,619.7561646
64.93000031,667.8393555
64.94000244,590.3894043
64.94999695,645.8082275
64.95999908,608.8237305
64.97000122,602.2589111
64.98000336,648.0946655
64.98999786,616.7832031
65,604.4058228
65.01000214,571.1832275
65.01999664,591.3192749
65.02999878,588.3267822
65.04000092,607.7493286
65.05000305,623.6917725
65.05999756,604.9897461
65.06999969,587.257019
65.08000183,626.2173462
65.08999634,640.1151733
65.09999847,668.9515991
65.11000061,631.864563
65.12000275,674.1021118
65.12999725,729.9034424
65.13999939,644.4345703
65.15000153,640.0383911
65.16000366,675.4933472
65.16999817,649.012085
65.18000031,659.0751953
65.19000244,630.7891235
65.19999695,669.7077637
65.20999908,664.3681641
65.22000122,601.3706665
65.23000336,607.7728882
65.23999786,663.7435913
65.25,680.4725952
65.26000214,673.4450684
65.26999664,716.6068115
65.27999878,737.5
65.29000092,757.5264282
65.30000305,703.7258911
65.30999756,660.6951904
65.31999969,717.1083374
65.33000183,685.7524414
65.33999634,649.7503662
65.34999847,600.0574341
65.36000061,659.274292
65.37000275,690.1113892
65.37999725,696.0828247
65.38999939,782.9667358
65.40000153,766.4764404
65.41000366,721.6407471
65.41999817,709.6392212
65.43000031,739.8015747
65.44000244,845.7087402
65.44999695,815.984375
65.45999908,743.2855835
65.47000122,767.9071045
65.48000336,778.9188232
65.48999786,775
65.5,860.8060303
65.51000214,842.7980957
65.51999664,799.5067749
65.52999878,846.0041504
65.54000092,942.3269653
65.55000305,909.2288818
65.55999756,1030.718994
65.56999969,1017.079346
65.58000183,993.4625854
65.58999634,1094.3479
65.59999847,1066.028442
65.61000061,1076.213745
65.62000275,1190.164429
65.62999725,1201.891724
65.63999939,1247.520996
65.65000153,1340.732788
65.66000366,1433.703735
65.66999817,1413.921997
65.68000031,1460.242188
65.69000244,1551.665649
65.69999695,1736.294067
65.70999908,1625.509399
65.72000122,1658.778198
65.73000336,1703.931641
65.73999786,1631.459106
65.75,1645.689697
65.76000214,1615.27063
65.76999664,1720.144043
65.77999878,1690.668823
65.79000092,1729.925293
65.80000305,1546.895264
65.80999756,1619.919312
65.81999969,1680.025146
65.83000183,1633.741333
65.83999634,1673.724731
65.84999847,1517.435547
65.86000061,1362.027588
65.87000275,1480.316162
65.87999725,1535.742432
65.88999939,1409.417969
65.90000153,1442.541016
65.91000366,1446.277954
65.91999817,1400.666382
65.93000031,1470.139282
65.94000244,1405.760986
65.94999695,1403.914551
65.95999908,1299.669922
65.97000122,1244.514648
65.98000336,1348.345581
65.98999786,1304.725342
66,1327.973633
66.01000214,1398.180542
66.01999664,1365.442749
66.02999878,1318.904175
66.04000092,1430.661255
66.05000305,1561.453247
66.05999756,1578.770142
66.06999969,1678.88147
66.08000183,1743.380981
66.08999634,1724.418823
66.09999847,1874.484863
66.11000061,1950
66.12000275,1964.203857
66.12999725,1894.146851
66.13999939,1852.653931
66.15000153,1977.76123
66.16000366,1835.961182
66.16999817,1934.651001
66.18000031,1820.705322
66.19000244,1742.020996
66.19999695,1843.596069
66.20999908,1683.333618
66.22000122,1698.066406
66.23000336,1721.655762
66.23999786,1526.970581
66.25,1503.996216
66.26000214,1456.855225
66.26999664,1401.010254
66.27999878,1414.316406
66.29000092,1396.694458
66.30000305,1414.462036
66.30999756,1431.99585
66.31999969,1458.789917
66.33000183,1394.482178
66.33999634,1347.024902
66.34999847,1358.625122
66.36000061,1417.529053
66.37000275,1328.668335
66.37999725,1269.351563
66.38999939,1190.432739
66.40000153,1077.953003
66.41000366,1024.734863
66.41999817,1008.203064
66.43000031,975.9624023
66.44000244,990.6964111
66.44999695,922.4199829
66.45999908,843.8806152
66.47000122,830.6344604
66.48000336,793.9033203
66.48999786,746.8439941
66.5,755.8515015
66.51000214,789.1781006
66.51999664,777.4953613
66.52999878,744.1688843
66.54000092,741.767395
66.55000305,745.833313
66.55999756,737.404541
66.56999969,806.3598022
66.58000183,754.6244507
66.58999634,718.1138306
66.59999847,611.3997192
66.61000061,653.7055664
66.62000275,694.3917236
66.62999725,722.50177
66.63999939,712.2797852
66.65000153,649.5768433
66.66000366,658.6038208
66.66999817,702.9934692
66.68000031,671.8928833
66.69000244,689.163147
66.69999695,627.2386475
66.70999908,629.4304199
66.72000122,641.6169434
66.73000336,634.706665
66.73999786,588.6567993
66.75,616.9089355
66.76000214,636.0863037
66.76999664,580.3399658
66.77999878,621.0800171
66.79000092,604.0010986
66.80000305,637.6703491
66.80999756,630.4643555
66.81999969,604.1489258
66.83000183,658.4341431
66.83999634,668.0297852
66.84999847,688.9169312
66.86000061,643.0245972
66.87000275,587.4976807
66.87999725,627.7606812
66.88999939,618.0823975
66.90000153,630.5198975
66.91000366,593.1395874
66.91999817,608.2490845
66.93000031,651.3343506
66.94000244,648.6512451
66.94999695,600.1387329
66.95999908,645.5818481
66.97000122,673.6345215
66.98000336,612.7722168
66.98999786,630.3137817
67,626.5437622
67.01000214,670.4813843
67.01999664,595.1300659
67.02999878,583.0432739
67.04000092,628.980957
67.05000305,627.8875122
67.05999756,582.2702026
67.06999969,623.0699463
67.08000183,599.1298218
67.08999634,614.8412476
67.09999847,618.2560425
67.11000061,622.0722046
67.12000275,645.6450195
67.12999725,604.7564697
67.13999939,601.1156006
67.15000153,637.1799316
67.16000366,633.5551758
67.16999817,570.2124023
67.18000031,588.211792
67.19000244,642.6015625
67.19999695,617.3074951
67.20999908,609.5013428
67.22000122,603.0060425
67.23000336,614.947876
67.23999786,625
67.25,655.0042725
67.26000214,629.94104
67.26999664,602.8840332
67.27999878,678.9702148
67.29000092,663.6802368
67.30000305,665.9736938
67.30999756,647.9931641
67.31999969,664.4865112
67.33000183,686.048645
67.33999634,652.2212524
67.34999847,619.772522
67.36000061,685.6849365
67.37000275,678.947998
67.37999725,613.5568848
67.38999939,616.0178223
67.40000153,612.9424438
67.41000366,674.428772
67.41999817,644.9818115
67.43000031,697.4021606
67.44000244,708.0701294
67.44999695,655.1517944
67.45999908,675.2156982
67.47000122,679.6797485
67.48000336,649.30896
67.48999786,607.9230347
67.5,709.8979492
67.51000214,705.1815796
67.51999664,731.0721436
67.52999878,699.6218872
67.54000092,657.1399536
67.55000305,707.7310181
67.55999756,753.5585327
67.56999969,743.777771
67.58000183,770.7523193
67.58999634,786.3247681
67.59999847,721.9437866
67.61000061,740.8452148
67.62000275,837.4682617
67.62999725,805.7483521
67.63999939,886.4406128
67.65000153,980.7641602
67.66000366,966.5969849
67.66999817,989.8390503
67.68000031,985.9598999
67.69000244,1050.39563
67.69999695,1066.681885
67.70999908,994.3881836
67.72000122,1044.532715
67.73000336,1052.003052
67.73999786,1071.442749
67.75,1251.608643
67.76000214,1225.583496
67.76999664,1168.878296
67.77999878,1293.539551
67.79000092,1296.695679
67.80000305,1400.360107
67.80999756,1354.557983
67.81999969,1392.084595
67.83000183,1442.589844
67.83999634,1380.896729
67.84999847,1399.774902
67.86000061,1491.989502
67.87000275,1495.165161
67.87999725,1498.520264
67.88999939,1431.552124
67.90000153,1558.140991
67.91000366,1659.893066
67.91999817,1713.032715
67.93000031,1693.782471
67.94000244,1636.49646
67.94999695,1797.50708
67.95999908,1867.82373
67.97000122,1884.73877
67.98000336,1929.064941
67.98999786,1946.845093
68,1960.347778
68.01000214,2015.775513
68.01999664,2063.910156
68.02999878,2049.198975
68.04000092,1981.777344
68.05000305,1926.820679
68.05999756,1879.04895
68.06999969,1804.346191
68.08000183,1778.538696
68.08999634,1675.556641
68.09999847,1682.681885
68.11000061,1619.028076
68.12000275,1552.55896
68.12999725,1485.139404
68.13999939,1416.125122
68.15000153,1438.275879
68.16000366,1373.27478
68.16999817,1316.666626
68.18000031,1372.643188
68.19000244,1393.081787
68.19999695,1385.872803
68.20999908,1341.834961
68.22000122,1239.001221
68.23000336,1222.049805
68.23999786,1221.431396
68.25,1157.796021
68.26000214,1167.913452
68.26999664,1127.74585
68.27999878,1085.852539
68.29000092,1042.20105
68.30000305,1042.668213
68.30999756,1004.73761
68.31999969,921.5084229
68.33000183,854.0741577
68.33999634,841.6843262
68.34999847,822.4903564
68.36000061,804.166687
68.37000275,826.6265259
68.37999725,759.4023438
68.38999939,699.1863403
68.40000153,661.0089722
68.41000366,647.4389648
68.41999817,661.6126709
68.43000031,654.2703247
68.44000244,638.4038086
68.44999695,630.8596191
68.45999908,685.9989014
68.47000122,678.1046143
68.48000336,705.0024414
68.48999786,649.7932129
68.5,607.9307861
68.51000214,656.9398193
68.51999664,715.9776001
68.52999878,670.5817871
68.54000092,601.2466431
68.55000305,604.6181641
68.55999756,623.9943237
68.56999969,653.5631714
68.58000183,644.0292358
68.58999634,627.4337769
68.59999847,612.1506348
68.61000061,600
68.62000275,600
68.62999725,600
68.63999939,597.5809937
68.65000153,598.2493286
68.66000366,607.2388916
68.66999817,610.0900879
68.68000031,610.7402344
68.69000244,617.3077393
68.69999695,673.6508179
68.70999908,611.7956543
68.72000122,556.6571045
68.73000336,556.4840698
68.73999786,529.1143188
68.75,554.831665
68.76000214,602.3907471
68.76999664,592.8763428
68.77999878,603.510498
68.79000092,634.4908447
68.80000305,625.0800171
68.80999756,612.5
68.81999969,621.9525146
68.83000183,624.4468384
68.83999634,646.7567749
68.84999847,598.4171753
68.86000061,628.0894775
68.87000275,670.5444946
68.87999725,626.0431519
68.88999939,613.5280151
68.90000153,634.8555298
68.91000366,620.1624756
68.91999817,572.0354004
68.93000031,575.5974731
68.94000244,621.3939209
68.94999695,618.4634399
68.95999908,579.147522
68.97000122,615.7116089
68.98000336,639.8521729
68.98999786,613.4663696
69,597.2567749
69.01000214,591.666687
69.01999664,593.9630737
69.02999878,616.4697266
69.04000092,631.0438843
69.05000305,588.0193481
69.05999756,542.7543945
69.06999969,597.1436157
69.08000183,663.6524658
69.08999634,595.4846802
69.09999847,565.4596558
69.11000061,570.9212036
69.12000275,556.7835083
69.12999725,616.6815796
69.13999939,617.4207764
69.15000153,522.9081421
69.16000366,481.7401428
69.16999817,574.9796143
69.18000031,602.9723511
69.19000244,627.3365479
69.19999695,654.3165283
69.20999908,597.9695435
69.22000122,581.956665
69.23000336,556.1315308
69.23999786,580.4303589
69.25,618.0993042
69.26000214,586.236145
69.26999664,584.31427
69.27999878,542.7435303
69.29000092,557.618103
69.30000305,640.8070068
69.30999756,609.9216919
69.31999969,569.060791
69.33000183,596.8309326
69.33999634,638.4591064
69.34999847,588.7211304
69.36000061,561.9156494
69.37000275,567.6542969
69.37999725,582.7774048
69.38999939,603.5548706
69.40000153,572.4087524
69.41000366,582.0048218
69.41999817,574.0945435
69.43000031,547.977356
69.44000244,584.241333
69.44999695,629.4832764
69.45999908,645.9309082
69.47000122,618.0783691
69.48000336,547.1422729
69.48999786,550.7346191
69.5,568.3903809
69.51000214,602.8567505
69.51999664,620.3908081
69.52999878,591.7487183
69.54000092,583.2019043
69.55000305,570.8579712
69.55999756,583.3662109
69.56999969,564.5299072
69.58000183,566.6663818
69.58999634,531.3789673
69.59999847,506.0921021
69.61000061,525.1247559
69.62000275,512.4334106
69.62999725,551.770874
69.63999939,570.9835205
69.65000153,562.4415283
69.66000366,564.6167603
69.66999817,544.0891113
69.68000031,512.7515259
69.69000244,548.8919678
69.69999695,583.7367554
69.70999908,568.6953125
69.72000122,552.6141968
69.73000336,567.6743164
69.73999786,628.3557129
69.75,597.8463745
69.76000214,527.4644165
69.76999664,550.7138672
69.77999878,539.5376587
69.79000092,515.4170532
69.80000305,585.6274414
69.80999756,623.2106934
69.81999969,596.8572998
69.83000183,598.7184448
69.83999634,589.5016479
69.84999847,563.7739868
69.86000061,598.7994385
69.87000275,620.833313
69.87999725,583.6999512
69.88999939,576.7653198
69.90000153,571.9212036
69.91000366,534.420166
69.91999817,542.2540894
69.93000031,541.0612183
69.94000244,540.3626709
69.94999695,569.5485229
69.95999908,587.8905029
69.97000122,569.4776001
69.98000336,579.8627319
69.98999786,586.0713501
70,623.1685181
70.01000214,609.8169556
70.01999664,560.9936523
70.02999878,552.2802734
70.04000092,544.3546143
70.05000305,528.1141357
70.05999756,542.8822632
70.06999969,575
70.08000183,595.4957275
70.08999634,579.9443359
70.09999847,532.8745117
70.11000061,555.9924316
70.12000275,573.6329956
70.12999725,562.9869385
70.13999939,534.4764404
70.15000153,579.2141724
70.16000366,589.1920776
70.16999817,531.9746094
70.18000031,592.7351074
70.19000244,608.6937866
70.19999695,600.1126099
70.20999908,538.6256104
70.22000122,557.9209595
70.23000336,570.7404175
70.23999786,537.5
70.25,517.8898926
70.26000214,562.7833252
70.26999664,637.0562744
70.27999878,595.9555664
70.29000092,550.9522095
70.30000305,530.0854492
70.30999756,538.3835449
70.31999969,556.8892212
70.33000183,563.670105
70.33999634,514.9627075
70.34999847,567.6786499
70.36000061,557.4776611
70.37000275,533.0499878
70.37999725,600.2635498
70.38999939,588.4978027
70.40000153,549.038147
70.41000366,567.2348022
70.41999817,573.5742188
70.43000031,549.5020142
70.44000244,585.9251709
70.44999695,572.248291
70.45999908,561.0150757
70.47000122,617.6036987
70.48000336,624.9555664
70.48999786,579.1769409
70.5,636.3689575
70.51000214,652.3214722
70.51999664,554.6050415
70.52999878,556.5891113
70.54000092,501.9814453
70.55000305,556.5372314
70.55999756,521.0484009
70.56999969,488.979248
70.58000183,579.1427002
70.58999634,586.265564
70.59999847,515.3470459
70.61000061,543.2999268
70.62000275,622.0914307
70.62999725,608.8181152
70.63999939,578.3829346
70.65000153,604.166687
70.66000366,571.0291138
70.66999817,543.40448
70.68000031,582.7971191
70.69000244,564.0628662
70.69999695,566.0776978
70.70999908,579.8232422
70.72000122,531.9116821
70.73000336,506.791687
70.73999786,527.2128906
70.75,566.666687
70.76000214,580.4002075
70.76999664,593.5217896
70.77999878,587.1235962
70.79000092,627.9657593
70.80000305,627.8868408
70.80999756,574.164856
70.81999969,609.9154053
70.83000183,648.5109253
70.83999634,654.7359619
70.84999847,623.5223999
70.86000061,525.7147827
70.87000275,507.1023254
70.87999725,532.9750977
70.88999939,572.2905273
70.90000153,557.5780029
70.91000366,545.2507935
70.91999817,568.9220581
70.93000031,537.359375
70.94000244,533.4578247
70.94999695,541.666687
70.95999908,524.6310425
70.97000122,505.8091125
70.98000336,560.1013794
70.98999786,591.4483643
71,554.1940918
71.01000214,547.1812744
71.01999664,544.4104004
71.02999878,602.7634888
71.04000092,584.9359741
71.05000305,578.6260986
71.05999756,667.9616699
71.06999969,624.7683105
71.08000183,546.3623047
71.08999634,580.243103
71.09999847,508.1972961
71.11000061,519.3427734
71.12000275,559.6466675
71.12999725,604.1378784
71.13999939,560.1685181
71.15000153,601.31604
71.16000366,600.2350464
71.16999817,578.6165771
71.18000031,582.4869995
71.19000244,632.1696777
71.19999695,566.5841675
71.20999908,515.0552979
71.22000122,498.6608582
71.23000336,528.2463989
71.23999786,506.5373535
71.25,497.1998596
71.26000214,541.7167969
71.26999664,557.0896606
71.27999878,522.5123291
71.29000092,530.2872925
71.30000305,592.0831909
71.30999756,628.1433716
71.31999969,549.4975586
71.33000183,552.2543945
71.33999634,558.0726929
71.34999847,603.5152588
71.36000061,591.666687
71.37000275,600.0193481
71.37999725,616.0829468
71.38999939,604.166687
71.40000153,617.1056519
71.41000366,631.2703247
71.41999817,587.993042
71.43000031,609.2739868
71.44000244,605.6477051
71.44999695,547.1078491
71.45999908,582.1911621
71.47000122,578.0302124
71.48000336,580.6538696
71.48999786,605.9589233
71.5,616.5431519
71.51000214,599.7875977
71.51999664,643.7139893
71.52999878,546.9354858
71.54000092,562.0606689
71.55000305,578.3823853
71.55999756,522.6570435
71.56999969,527.9086304
71.58000183,595.833313
71.58999634,606.5098877
71.59999847,634.3143311
71.61000061,633.4489136
71.62000275,638.3769531
71.62999725,567.6765747
71.63999939,558.2636719
71.65000153,619.9047241
71.66000366,574.0308228
71.66999817,560.3760986
71.68000031,593.071228
71.69000244,656.824585
71.69999695,582.9332275
71.70999908,548.1306763
71.72000122,606.3487549
71.73000336,592.1083984
71.73999786,582.3564453
71.75,640.1567383
71.76000214,661.5310669
71.76999664,646.7764282
71.77999878,593.0178223
71.79000092,551.1802979
71.80000305,600.3522949
71.80999756,642.3596191
71.81999969,584.6987305
71.83000183,592.6296997
71.83999634,648.6347046
71.84999847,630.9989014
71.86000061,628.3977661
71.87000275,598.5463257
71.87999725,623.6066895
71.88999939,646.1431274
71.90000153,532.9796143
71.91000366,573.9492798
71.91999817,608.7935181
71.93000031,580.9044189
71.94000244,595.2666016
71.94999695,638.7124634
71.95999908,663.5804443
71.97000122,555.0118408
71.98000336,580.9924316
71.98999786,668.3334961
72,675.7073975
72.01000214,736.7980957
72.01999664,678.7987671
72.02999878,603.8087769
72.04000092,655.7736816
72.05000305,664.0950928
72.05999756,670.041748
72.06999969,663.524231
72.08000183,646.8814697
72.08999634,634.8806152
72.09999847,650.8787231
72.11000061,698.5218506
72.12000275,726.1438599
72.12999725,728.9934082
72.13999939,807.1414795
72.15000153,831.1611938
72.16000366,854.2888184
72.16999817,746.934021
72.18000031,785.1895142
72.19000244,771.2947388
72.19999695,859.1202393
72.20999908,902.2774658
72.22000122,972.1825562
72.23000336,882.4396362
72.23999786,1014.746643
72.25,957.079834
72.26000214,929.8381348
72.26999664,947.9732056
72.27999878,1023.681152
72.29000092,1016.666687
72.30000305,1017.313965
72.30999756,1018.909546
72.31999969,1017.861572
72.33000183,1052.587769
72.33999634,983.024292
72.34999847,1148.619995
72.36000061,1019.611389
72.37000275,1013.709839
72.37999725,1021.43219
72.38999939,1019.072327
72.40000153,986.8534546
72.41000366,1000.785339
72.41999817,965.0828247
72.43000031,1005.479248
72.44000244,839.8516235
72.44999695,912.7835693
72.45999908,953.2206421
72.47000122,1022.093384
72.48000336,969.0819702
72.48999786,919.0604858
72.5,852.1032104
72.51000214,884.3366089
72.51999664,985.2213135
72.52999878,817.2808838
72.54000092,789.159729
72.55000305,776.7766113
72.55999756,820.833313
72.56999969,804.409729
72.58000183,688.2283325
72.58999634,763.0414429
72.59999847,791.6355591
72.61000061,734.6299438
72.62000275,805.2609253
72.62999725,741.3701782
72.63999939,698.0040283
72.65000153,649.3057861
72.66000366,685.1575928
72.66999817,723.5808716
72.68000031,610.8070679
72.69000244,697.2763672
72.69999695,596.6400757
72.70999908,606.5501099
72.72000122,615.8694458
72.73000336,499.8184204
72.73999786,620.833313
72.75,620.0880127
72.76000214,616.1651001
72.76999664,648.7612915
72.77999878,597.6881714
72.79000092,659.7155762
72.80000305,625.4057617
72.80999756,589.7124023
72.81999969,655.5787354
72.83000183,579.5279541
72.83999634,630.1607056
72.84999847,593.8444214
72.86000061,612.5999146
72.87000275,514.9064331
72.87999725,603.8039551
72.88999939,647.0054932
72.90000153,549.7197266
72.91000366,557.0718994
72.91999817,707.020752
72.93000031,563.5253906
72.94000244,524.3347168
72.94999695,641.9160767
72.95999908,644.6170654
72.97000122,620.9696045
72.98000336,559.0157471
72.98999786,639.644104
73,604.6037598
73.01000214,614.6237793
73.01999664,650.6612549
73.02999878,585.1335449
73.04000092,621.8025513
73.05000305,642.6049805
73.05999756,658.5073853
73.06999969,572.4110107
73.08000183,608.333313
73.08999634,607.5186768
73.09999847,585.1486816
73.11000061,528.312561
73.12000275,616.2335205
73.12999725,602.5082397
73.13999939,553.1105347
73.15000153,522.0916748
73.16000366,562.6196289
73.16999817,565.3051147
73.18000031,519.77771
73.19000244,635.7814331
73.19999695,568.2800903
73.20999908,636.7015381
73.22000122,599.6698608
73.23000336,583.0279541
73.23999786,566.5263672
73.25,558.3972778
73.26000214,562.5
73.26999664,562.2935791
73.27999878,546.3328857
73.29000092,592.0981445
73.30000305,637.4338989
73.30999756,628.8712769
73.31999969,583.6433716
73.33000183,645.6305542
73.33999634,587.350647
73.34999847,512.5253906
73.36000061,562.4511719
73.37000275,525.0922852
73.37999725,537.4506836
73.38999939,562.3642578
73.40000153,620.4300537
73.41000366,567.121521
73.41999817,579.0431519
73.43000031,657.4335938
73.44000244,576.0707397
73.44999695,583.2139282
73.45999908,521.8217773
73.47000122,529.022522
73.48000336,651.8189697
73.48999786,580.6864624
73.5,599.546936
73.51000214,604.0698853
73.51999664,600.1029663
73.52999878,624.3451538
73.54000092,584.4864502
73.55000305,672.3272705
73.55999756,622.4929199
73.56999969,536.1437988
73.58000183,533.333313
73.58999634,605.7022705
73.59999847,604.3190308
73.61000061,564.085083
73.62000275,610.5239258
73.62999725,588.5250244
73.63999939,627.3966064
73.65000153,569.4141846
73.66000366,570.6439819
73.66999817,610.545105
73.68000031,596.6399536
73.69000244,627.5042114
73.69999695,518.4909668
73.70999908,595.3775024
73.72000122,521.1921387
73.73000336,516.666687
73.73999786,540.2352295
73.75,573.0421753
73.76000214,598.494751
73.76999664,588.2710571
73.77999878,642.1490479
73.79000092,599.0650024
73.80000305,541.3563232
73.80999756,576.350769
73.81999969,555.8930054
73.83000183,612.258728
73.83999634,709.4666748
73.84999847,647.177063
73.86000061,568.4329834
73.87000275,608.6792603
73.87999725,600.9735718
73.88999939,580.8198853
73.90000153,582.996582
73.91000366,571.8619995
73.91999817,547.9273682
73.93000031,564.8910522
73.94000244,562.8612671
73.94999695,596.6937866
73.95999908,558.2748413
73.97000122,573.1021118
73.98000336,563.6570435
73.98999786,622.8980103
74,557.5599365
74.01000214,595.1520996
74.01999664,641.3223267
74.02999878,582.0751343
74.04000092,526.322937
74.05000305,591.8609619
74.05999756,551.4813232
74.06999969,560.737793
74.08000183,569.9400635
74.08999634,555.977478
74.09999847,639.447876
74.11000061,568.5603027
74.12000275,613.7692871
74.12999725,583.9367676
74.13999939,582.8502808
74.15000153,579.6558228
74.16000366,634.2386475
74.16999817,597.6818237
74.18000031,609.9633789
74.19000244,572.3137817
74.19999695,544.7832031
74.20999908,618.1317139
74.22000122,549.1934204
74.23000336,468.5469971
74.23999786,534.4177246
74.25,600.0887451
74.26000214,619.1663208
74.26999664,584.7836914
74.27999878,600.7603149
74.29000092,600.5737305
74.30000305,531.8490601
74.30999756,696.2962036
74.31999969,617.7542114
74.33000183,617.8442383
74.33999634,588.7677612
74.34999847,544.2081299
74.36000061,604.9658813
74.37000275,567.0389404
74.37999725,650.3432007
74.38999939,617.2067871
74.40000153,548.3766479
74.41000366,576.2296753
74.41999817,569.2737427
74.43000031,524.5596313
74.44000244,677.8021851
74.44999695,673.3635864
74.45999908,572.4094238
74.47000122,620.3825684
74.48000336,595.0633545
74.48999786,698.6402588
74.5,648.022522
74.51000214,564.1086426
74.51999664,588.0081787
74.52999878,609.6307373
74.54000092,612.5
74.55000305,564.3752441
74.55999756,643.3870239
74.56999969,600.8386841
74.58000183,618.2774048
74.58999634,587.4483032
74.59999847,633.692749
74.61000061,608.4116211
74.62000275,647.5449829
74.62999725,576.9692993
74.63999939,642.9401245
74.65000153,578.0404663
74.66000366,672.9981079
74.66999817,652.8674316
74.68000031,621.5022583
74.69000244,650.215271
74.69999695,671.7293091
74.70999908,624.8531494
74.72000122,702.6060791
74.73000336,711.6743774
74.73999786,734.9377441
74.75,721.7484131
74.76000214,739.8637085
74.76999664,782.2216187
74.77999878,785.0622559
74.79000092,727.295166
74.80000305,814.5066528
74.80999756,785.8264771
74.81999969,852.8059082
74.83000183,927.3695068
74.83999634,997.2105713
74.84999847,901.609436
74.86000061,994.5496216
74.87000275,957.6688232
74.87999725,1044.555786
74.88999939,1094.430054
74.90000153,1116.162842
74.91000366,1182.142334
74.91999817,1125.916504
74.93000031,1113.8125
74.94000244,1078.152588
74.94999695,1162.779297
74.95999908,1060.54834
74.97000122,1091.063232
74.98000336,1125.246094
74.98999786,1040.104126
75,977.5740967
75.01000214,1020.545776
75.01999664,986.8816528
75.02999878,983.4650879
75.04000092,971.7388306
75.05000305,982.399353
75.05999756,1078.584595
75.06999969,1033.089478
75.08000183,995.8154297
75.08999634,1157.228271
75.09999847,1150.137329
75.11000061,1225.653198
75.12000275,1261.440186
75.12999725,1250.095337
75.13999939,1279.883911
75.15000153,1208.240234
75.16000366,1197.672119
75.16999817,1253.424316
75.18000031,1190.935913
75.19000244,1248.386108
75.19999695,1248.549194
75.20999908,1182.48938
75.22000122,1092.337524
75.23000336,1030.127319
75.23999786,998.430481
75.25,1052.342163
75.26000214,975.069397
75.26999664,931.4547119
75.27999878,956.3202515
75.29000092,960.6436768
75.30000305,907.2320557
75.30999756,863.4967041
75.31999969,955.9923706
75.33000183,927.0784912
75.33999634,974.5953369
75.34999847,944.6008301
75.36000061,864.3505249
75.37000275,892.1102905
75.37999725,832.5321655
75.38999939,802.9562988
75.40000153,877.9364014
75.41000366,790.5210571
75.41999817,835.741333
75.43000031,872.0656128
75.44000244,762.4639282
75.44999695,807.2935791
75.45999908,807.899353
75.47000122,797.4917603
75.48000336,794.18573
75.48999786,687.2056274
75.5,670.6293945
75.51000214,741.1505127
75.51999664,648.3630981
75.52999878,713.9154663
75.54000092,729.2960815
75.55000305,652.2453003
75.55999756,622.1361084
75.56999969,669.4281616
75.58000183,688.8135376
75.58999634,678.956604
75.59999847,640.890686
75.61000061,605.1403198
75.62000275,584.5062866
75.62999725,598.9517212
75.63999939,628.0811157
75.65000153,612.1578369
75.66000366,585.9475708
75.66999817,593.1925659
75.68000031,544.0021362
75.69000244,561.3803711
75.69999695,574.965332
75.70999908,573.6173706
75.72000122,600.0091553
75.73000336,670.7442627
75.73999786,586.5001831
75.75,567.8493042
75.76000214,590.2578125
75.76999664,566.8933716
75.77999878,606.3666992
75.79000092,605.9117432
75.80000305,567.0340576
75.80999756,589.6795654
75.81999969,559.2550049
75.83000183,549.6616821
75.83999634,593.6442261
75.84999847,563.7009277
75.86000061,591.618103
75.87000275,556.0151978
75.87999725,542.3982544
75.88999939,546.0952148
75.90000153,568.5202637
75.91000366,586.0135498
75.91999817,542.022644
75.93000031,538.0269775
75.94000244,592.6391602
75.94999695,629.9660034
75.95999908,626.8808594
75.97000122,634.0819702
75.98000336,588.7733765
75.98999786,574.1710205
76,556.9876099
76.01000214,557.4439087
76.01999664,582.4137573
76.02999878,578.5691528
76.04000092,573.4478149
76.05000305,564.5620728
76.05999756,566.1468506
76.06999969,565.6342773
76.08000183,575.4727173
76.08999634,552.2584229
76.09999847,608.2872925
76.11000061,561.2985229
76.12000275,558.2360229
76.12999725,560.8290405
76.13999939,580.1398315
76.15000153,581.1269531
76.16000366,597.3273926
76.16999817,596.2653198
76.18000031,540.0635986
76.19000244,535.3636475
76.19999695,582.9619141
76.20999908,601.6359863
76.22000122,594.9483643
76.23000336,556.3729248
76.23999786,538.3656616
76.25,536.644043
76.26000214,585.9700928
76.26999664,633.3418579
76.27999878,654.1512451
76.29000092,607.6732788
76.30000305,583.2700806
76.30999756,596.6318359
76.31999969,535.5767212
76.33000183,568.3317871
76.33999634,554.1884766
76.34999847,574.8504639
76.36000061,638.0454712
76.37000275,596.0083618
76.37999725,541.1871338
76.38999939,536.5009766
76.40000153,578.2679443
76.41000366,570.0709229
76.41999817,560.4177856
76.43000031,556.2767944
76.44000244,611.2122192
76.44999695,602.7468872
76.45999908,557.6756592
76.47000122,554.166687
76.48000336,525.3313599
76.48999786,535.3450928
76.5,567.9083252
76.51000214,512.8816528
76.51999664,573.9733887
76.52999878,544.6853027
76.54000092,550.3925781
76.55000305,647.4887085
76.55999756,597.4752197
76.56999969,525.133606
76.58000183,547.8601685
76.58999634,563.2358398
76.59999847,556.5150146
76.61000061,563.0209961
76.62000275,571.3453979
76.62999725,542.3115845
76.63999939,537.6404419
76.65000153,512.2992554
76.66000366,495.4172974
76.66999817,512.9675293
76.68000031,560.6071167
76.69000244,551.9768677
76.69999695,551.2240601
76.70999908,604.4603271
76.72000122,583.6894531
76.73000336,547.7093506
76.73999786,554.9783936
76.75,551.0904541
76.76000214,578.1074219
76.76999664,574.2353516
76.77999878,559.4464722
76.79000092,582.1560059
76.80000305,553.243103
76.80999756,529.8569336
76.81999969,555.5127563
76.83000183,532.6292725
76.83999634,551.5892334
76.84999847,607.0269775
76.86000061,580.9152222
76.87000275,534.3885498
76.87999725,543.0928345
76.88999939,540.2828979
76.90000153,487.5711975
76.91000366,507.0248413
76.91999817,561.045166
76.93000031,603.9057007
76.94000244,591.5214233
76.94999695,626.6490479
76.95999908,656.5905762
76.97000122,585.614563
76.98000336,532.5286865
76.98999786,542.8237915
77,612.3545532
77.01000214,615.0801392
77.01999664,592.1707153
77.02999878,617.1459961
77.04000092,594.6209106
77.05000305,545.2599487
77.05999756,535.6193848
77.06999969,560.9880371
77.08000183,572.7384644
77.08999634,585.9147339
77.09999847,548.6668091
77.11000061,540.5750122
77.12000275,566.321228
77.12999725,511.7954712
77.13999939,494.0660095
77.15000153,565.3606567
77.16000366,633.5499878
77.16999817,631.0422974
77.18000031,604.090332
77.19000244,595.833313
77.19999695,556.0387573
77.20999908,518.7571411
77.22000122,545.871582
77.23000336,593.7415771
77.23999786,591.7231445
77.25,604.0110474
77.26000214,581.614624
77.26999664,477.4296875
77.27999878,513.7875977
77.29000092,534.062561
77.30000305,534.5424194
77.30999756,538.4626465
77.31999969,513.8999634
77.33000183,609.3410645
77.33999634,578.9624023
77.34999847,552.6449585
77.36000061,602.5458984
77.37000275,609.6986084
77.37999725,615.2330322
77.38999939,597.7280273
77.40000153,579.967041
77.41000366,552.1538086
77.41999817,570.090332
77.43000031,555.5722656
77.44000244,550.6915283
77.44999695,583.5046387
77.45999908,593.1241455
77.47000122,584.4512939
77.48000336,580.18396
77.48999786,608.132019
77.5,632.2894897
77.51000214,612.6869507
77.51999664,548.9230957
77.52999878,548.8446655
77.54000092,547.2641602
77.55000305,563.9622803
77.55999756,620.3269043
77.56999969,578.3875122
77.58000183,546.1752319
77.58999634,576.9457397
77.59999847,592.7611084
77.61000061,596.7028198
77.62000275,533.0290527
77.62999725,496.2426453
77.63999939,559.3839111
77.65000153,538.75354
77.66000366,447.1375122
77.66999817,471.3343201
77.68000031,566.74823
77.69000244,588.3711548
77.69999695,557.6238403
77.70999908,578.0810547
77.72000122,599.2620239
77.73000336,602.6474609
77.73999786,575.0241699
77.75,553.7764282
77.76000214,567.7567139
77.76999664,562.2362671
77.77999878,541.666687
77.79000092,552.911499
77.80000305,570.407959
77.80999756,580.6014404
77.81999969,583.772644
77.83000183,577.3064575
77.83999634,532.2952271
77.84999847,532.911499
77.86000061,568.5531006
77.87000275,566.0941162
77.87999725,575.6412354
77.88999939,582.5123901
77.90000153,605.93396
77.91000366,524.3425903
77.91999817,579.4714355
77.93000031,684.3632202
77.94000244,609.3909302
77.94999695,541.3718262
77.95999908,591.5514526
77.97000122,620.1049194
77.98000336,579.3895874
77.98999786,538.0554199
78,545.9493408
78.01000214,557.1031494
78.01999664,571.5473022
78.02999878,603.5845947
78.04000092,602.9664307
78.05000305,570.8341064
78.05999756,558.8883057
78.06999969,567.9302979
78.08000183,538.1151123
78.08999634,542.1958008
78.09999847,525.8591309
78.11000061,549.3084106
78.12000275,580.4524536
78.12999725,517.1305542
78.13999939,546.7286377
78.15000153,570.833313
78.16000366,532.3391724
78.16999817,505.3643188
78.18000031,538.1800537
78.19000244,540.2937012
78.19999695,499.6302795
78.20999908,474.2426758
78.22000122,561.7271118
78.23000336,554.3775024
78.23999786,506.1782532
78.25,522.5543213
78.26000214,535.3070068
78.26999664,531.1384888
78.27999878,529.8397217
78.29000092,564.958252
78.30000305,528.3945923
78.30999756,502.9967346
78.31999969,545.9951782
78.33000183,548.1577759
78.33999634,548.5687256
78.34999847,582.661438
78.36000061,613.493103
78.37000275,629.9661865
78.37999725,588.0292969
78.38999939,535.0107422
78.40000153,545.8718262
78.41000366,531.5924072
78.41999817,501.676239
78.43000031,529.9884644
78.44000244,569.9462891
78.44999695,546.9066772
78.45999908,483.2281494
78.47000122,523.2115479
78.48000336,568.9351807
78.48999786,599.2252808
78.5,590.022522
78.51000214,567.8060913
78.51999664,544.0527344
78.52999878,575.4244385
78.54000092,605.0688477
78.55000305,567.4141235
78.55999756,545.9408569
78.56999969,557.5752563
78.58000183,538.1964111
78.58999634,565.7861328
78.59999847,533.0730591
78.61000061,537.7748413
78.62000275,553.9581299
78.62999725,575.9117432
78.63999939,527.8820801
78.65000153,538.1015625
78.66000366,564.791748
78.66999817,571.9591064
78.68000031,606.5101318
78.69000244,570.6245117
78.69999695,551.5857544
78.70999908,539.9205933
78.72000122,518.2467041
78.73000336,527.1422119
78.73999786,546.9463501
78.75,551.4990234
78.76000214,506.6646423
78.76999664,462.5
78.77999878,507.8308411
78.79000092,570.850647
78.80000305,542.2122803
78.80999756,533.8309326
78.81999969,555.6344604
78.83000183,554.3793335
78.83999634,495.4891357
78.84999847,499.0840454
78.86000061,569.5759888
78.87000275,552.7641602
78.87999725,503.7337952
78.88999939,524.3753662
78.90000153,508.9197998
78.91000366,533.6152344
78.91999817,565.8592529
78.93000031,620.2872925
78.94000244,561.7623901
78.94999695,568.9342041
78.95999908,541.6820068
78.97000122,521.5664673
78.98000336,528.449646
78.98999786,532.0744629
79,578.6911621
79.01000214,578.9943237
79.01999664,571.6217041
79.02999878,593.6027222
79.04000092,553.9171753
79.05000305,575.8841553
79.05999756,587.7825317
79.06999969,639.2716675
79.08000183,601.0948486
79.08999634,543.5666504
79.09999847,591.1394043
79.11000061,580.8966675
79.12000275,594.6098022
79.12999725,551.5232544
79.13999939,497.6939392
79.15000153,566.8915405
79.16000366,556.003418
79.16999817,554.3838501
79.18000031,599.192688
79.19000244,576.84198
79.19999695,579.871521
79.20999908,532.6175537
79.22000122,513.0140991
79.23000336,515.8477173
79.23999786,523.9929199
79.25,606.5974731
79.26000214,587.5
79.26999664,598.9675903
79.27999878,592.2142334
79.29000092,533.2145996
79.30000305,522.1480103
79.30999756,533.7487793
79.31999969,573.7718506
79.33000183,566.2213745
79.33999634,517.9194336
79.34999847,502.7529907
79.36000061,512.7009277
79.37000275,545.9526367
79.37999725,559.6873169
79.38999939,569.6096802
79.40000153,587.3866577
79.41000366,573.6925049
79.41999817,588.8500366
79.43000031,584.7597046
79.44000244,599.9911499
79.44999695,601.3928223
79.45999908,612.5109863
79.47000122,588.9099731
79.48000336,580.5291748
79.48999786,613.7454834
79.5,623.8943481
79.51000214,565.1682739
79.51999664,606.7197876
79.52999878,636.2398682
79.54000092,600.2489014
79.55000305,572.1298828
79.55999756,577.8794556
79.56999969,581.6392822
79.58000183,578.5293579
79.58999634,530.0374756
79.59999847,585.8336182
79.61000061,606.9814453
79.62000275,612.2642212
79.62999725,606.2625732
79.63999939,571.7834473
79.65000153,600
79.66000366,582.5741577
79.66999817,591.3312988
79.68000031,671.4691162
79.69000244,593.4896851
79.69999695,531.9533691
79.70999908,590.6960449
79.72000122,562.8719482
79.73000336,567.027771
79.73999786,611.1775513
79.75,604.3727417
79.76000214,581.3356934
79.76999664,568.4204712
79.77999878,575.4949951
79.79000092,522.5252075
79.80000305,549.4087524
79.80999756,565.2687378
79.81999969,653.3668823
79.83000183,592.9544067
79.83999634,540.5768433
79.84999847,601.3605347
79.86000061,549.2612305
79.87000275,535.6359253
79.87999725,522.8745117
79.88999939,525.6871338
79.90000153,661.5171509
79.91000366,623.0100098
79.91999817,584.3126221
79.93000031,628.2094727
79.94000244,603.8783569
79.94999695,566.0630493
79.95999908,575.1488647
79.97000122,637.8492432
79.98000336,644.4110107
79.98999786,667.7523193
80,684.7161255
80.01000214,761.8442383
80.01999664,715.0239258
80.02999878,728.3927002
80.04000092,734.5130005
80.05000305,718.3792725
80.05999756,750.4423828
80.06999969,742.0463867
80.08000183,688.7449951
80.08999634,740.7932129
80.09999847,766.3274536
80.11000061,740.2912598
80.12000275,757.3511963
80.12999725,682.7778931
80.13999939,707.2230835
80.15000153,675
80.16000366,662.6674805
80.16999817,627.1771851
80.18000031,640.7721558
80.19000244,687.4705811
80.19999695,632.5991211
80.20999908,634.2887573
80.22000122,645.9057007
80.23000336,618.9990234
80.23999786,690.8244629
80.25,704.8609009
80.26000214,636.1268311
80.26999664,627.0361938
80.27999878,654.0343018
80.29000092,630.918457
80.30000305,632.2328491
80.30999756,668.0529175
80.31999969,711.2984009
80.33000183,693.937561
80.33999634,627.1928711
80.34999847,591.852356
80.36000061,693.4456177
80.37000275,681.5403442
80.37999725,645.2462769
80.38999939,602.3596802
80.40000153,616.1184082
80.41000366,591.6234131
80.41999817,597.1287231
80.43000031,574.8604736
80.44000244,626.0956421
80.44999695,647.6465454
80.45999908,667.5135498
80.47000122,706.3546753
80.48000336,632.8155518
80.48999786,624.3410645
80.5,645.0072021
80.51000214,641.199585
80.51999664,576.2765503
80.52999878,655.4081421
80.54000092,681.1803589
80.55000305,604.6325684
80.55999756,624.7608643
80.56999969,616.9712524
80.58000183,575.09375
80.58999634,640.6340942
80.59999847,571.8431396
80.61000061,551.9915161
80.62000275,576.8758545
80.62999725,563.9718018
80.63999939,554.9676514
80.65000153,552.9467163
80.66000366,516.3413086
80.66999817,600.7573853
80.68000031,562.1661377
80.69000244,500.3262024
80.69999695,544.7022705
80.70999908,552.9597778
80.72000122,577.6956177
80.73000336,559.1226196
80.73999786,580.3487549
80.75,635.5654297
80.76000214,579.3078613
80.76999664,593.6741333
80.77999878,545.1956787
80.79000092,614.6048584
80.80000305,560.3466187
80.80999756,651.3925171
80.81999969,653.3452759
80.83000183,611.1246948
80.83999634,588.0865479
80.84999847,556.7219238
80.86000061,536.8894653
80.87000275,547.317749
80.87999725,522.1659546
80.88999939,538.5981445
80.90000153,536.1843262
80.91000366,517.5490112
80.91999817,536.7538452
80.93000031,598.1126099
80.94000244,544.7435913
80.94999695,549.2831421
80.95999908,575.1789551
80.97000122,589.6694946
80.98000336,574.171875
80.98999786,531.9655151
81,591.8190308
81.01000214,604.166687
81.01999664,597.7078247
81.02999878,580.2415161
81.04000092,586.5529175
81.05000305,592.6186523
81.05999756,579.0535889
81.06999969,581.6229248
81.08000183,603.6663818
81.08999634,550.1871948
81.09999847,593.0786133
81.11000061,624.5966187
81.12000275,567.8011475
81.12999725,568.5125732
81.13999939,546.1405029
81.15000153,605.1670532
81.16000366,592.671814
81.16999817,569.6541138
81.18000031,541.7746582
81.19000244,586.5102539
81.19999695,573.765625
81.20999908,496.9816284
81.22000122,585.4436035
81.23000336,594.7680054
81.23999786,531.2491455
81.25,554.1347656
81.26000214,602.0904541
81.26999664,584.4311523
81.27999878,561.3851318
81.29000092,602.0341187
81.30000305,621.8652344
81.30999756,619.8480835
81.31999969,582.56073
81.33000183,513.5847168
81.33999634,525.708374
81.34999847,581.4239502
81.36000061,542.8407593
81.37000275,526.9606934
81.37999725,543.7938843
81.38999939,543.6092529
81.40000153,575.7171021
81.41000366,611.5906982
81.41999817,589.7511597
81.43000031,551.6015625
81.44000244,487.6238403
81.44999695,513.3501587
81.45999908,610.1556396
81.47000122,527.437561
81.48000336,512.9143066
81.48999786,566.666687
81.5,593.7155762
81.51000214,650.1567993
81.51999664,572.3175659
81.52999878,594.7236328
81.54000092,534.9594727
81.55000305,569.6501465
81.55999756,575.194519
81.56999969,550.6009521
81.58000183,525.3717651
81.58999634,572.5988159
81.59999847,602.5264282
81.61000061,619.7553711
81.62000275,552.65625
81.62999725,530.6627808
81.63999939,566.4260864
81.65000153,583.0870361
81.66000366,603.6626587
81.66999817,620.37146
81.68000031,591.666687
81.69000244,582.8969116
81.69999695,555.1396484
81.70999908,545.7025146
81.72000122,519.6897583
81.73000336,557.2702026
81.73999786,534.750061
81.75,594.8093262
81.76000214,562.539917
81.76999664,601.2770386
81.77999878,596.4758301
81.79000092,594.2515259
81.80000305,540.046814
81.80999756,582.6114502
81.81999969,623.2232056
81.83000183,576.3057251
81.83999634,697.9475708
81.84999847,605.5980225
81.86000061,563.6751099
81.87000275,578.7426147
81.87999725,540.7439575
81.88999939,597.9188843
81.90000153,585.1900635
81.91000366,637.0101318
81.91999817,544.343689
81.93000031,538.1793213
81.94000244,588.0335083
81.94999695,604.166687
81.95999908,610.7282104
81.97000122,631.4612427
81.98000336,633.4122925
81.98999786,665.3001099
82,660.0872192
82.01000214,607.4025879
82.01999664,606.954895
82.02999878,613.8823853
82.04000092,600.4595337
82.05000305,604.1584473
82.05999756,659.7275391
82.06999969,639.8486328
82.08000183,594.0296021
82.08999634,573.057312
82.09999847,627.7568359
82.11000061,627.4058228
82.12000275,616.4084473
82.12999725,716.0626221
82.13999939,725.4371338
82.15000153,626.583313
82.16000366,688.0217896
82.16999817,683.1893921
82.18000031,686.1489868
82.19000244,617.0733032
82.19999695,718.3005371
82.20999908,768.644043
82.22000122,816.3154907
82.23000336,819.850647
82.23999786,888.0625
82.25,873.2004395
82.26000214,868.4636841
82.26999664,892.9452515
82.27999878,933.2450562
82.29000092,856.8775635
82.30000305,905.3519287
82.30999756,877.3821411
82.31999969,869.9423218
82.33000183,834.6347046
82.33999634,733.5488281
82.34999847,780.7492676
82.36000061,763.9867554
82.37000275,890.6367188
82.37999725,805.560791
82.38999939,728.9215088
82.40000153,709.8565674
82.41000366,710.559021
82.41999817,750
82.43000031,785.9766235
82.44000244,898.9268188
82.44999695,800.0408325
82.45999908,755.8504639
82.47000122,811.9107056
82.48000336,776.4425659
82.48999786,800.4498901
82.5,702.0946655
82.51000214,747.741272
82.51999664,777.7661133
82.52999878,793.7818604
82.54000092,755.8950806
82.55000305,765.9520264
82.55999756,803.2974854
82.56999969,881.2026978
82.58000183,812.1084595
82.58999634,756.4922485
82.59999847,749.6175537
82.61000061,803.0852661
82.62000275,757.2649536
82.62999725,722.5404053
82.63999939,742.8041992
82.65000153,786.470459
82.66000366,742.3499756
82.66999817,692.1281128
82.68000031,626.062561
82.69000244,678.3201904
82.69999695,677.5360107
82.70999908,686.6558228
82.72000122,686.7053223
82.73000336,698.3162842
82.73999786,694.1887207
82.75,684.8574829
82.76000214,621.7473145
82.76999664,669.9766846
82.77999878,674.2460938
82.79000092,760.81427
82.80000305,711.6618042
82.80999756,689.9873657
82.81999969,745.8425903
82.83000183,735.8094482
82.83999634,759.1831665
82.84999847,750.8017578
82.86000061,752.6408691
82.87000275,696.5083008
82.87999725,757.5953979
82.88999939,726.5980225
82.90000153,759.8687744
82.91000366,777.8257446
82.91999817,699.802124
82.93000031,754.0950928
82.94000244,792.9164429
82.94999695,848.2122192
82.95999908,720.4796753
82.97000122,799.7179565
82.98000336,845.9329224
82.98999786,850.286377
83,888.8291016
83.01000214,732.8638306
83.01999664,920.833313
83.02999878,905.4842529
83.04000092,836.0195313
83.05000305,819.7506714
83.05999756,837.1276245
83.06999969,784.1367798
83.08000183,789.9069214
83.08999634,801.602417
83.09999847,797.9318237
83.11000061,744.5784912
83.12000275,708.9541626
83.12999725,740.3222046
83.13999939,781.1341553
83.15000153,754.9613037
83.16000366,756.7462769
83.16999817,729.3962402
83.18000031,669.3643188
83.19000244,781.1777954
83.19999695,767.5828247
83.20999908,811.6022949
83.22000122,765.9719238
83.23000336,824.526001
83.23999786,838.7120361
83.25,760.4368286
83.26000214,786.7172852
83.26999664,784.8965454
83.27999878,790.8861084
83.29000092,796.0740356
83.30000305,812.3169556
83.30999756,730.9383545
83.31999969,779.6574097
83.33000183,780.6208496
83.33999634,711.3152466
83.34999847,786.1239014
83.36000061,801.9994507
83.37000275,736.729126
83.37999725,749.4996948
83.38999939,807.7644043
83.40000153,747.6968994
83.41000366,742.0997925
83.41999817,780.1081543
83.43000031,877.446106
83.44000244,935.7791748
83.44999695,818.1914673
83.45999908,824.2386475
83.47000122,827.6758423
83.48000336,847.7042236
83.48999786,827.2940063
83.5,912.1443481
83.51000214,760.5681763
83.51999664,835.2632446
83.52999878,778.4525146
83.54000092,757.8284302
83.55000305,834.9628906
83.55999756,774.1747437
83.56999969,817.3304443
83.58000183,859.8307495
83.58999634,860.6853638
83.59999847,812.4280396
83.61000061,737.5427246
83.62000275,814.7200928
83.62999725,729.9101563
83.63999939,749.6671143
83.65000153,816.8446045
83.66000366,771.0227051
83.66999817,738.508606
83.68000031,764.7148438
83.69000244,775
83.69999695,763.9569702
83.70999908,715.4406738
83.72000122,721.0912476
83.73000336,673.0700073
83.73999786,646.2296753
83.75,730.4818726
83.76000214,652.4934082
83.76999664,646.8685913
83.77999878,736.1694946
83.79000092,670.833313
83.80000305,694.06073
83.80999756,769.3751221
83.81999969,625.8804321
83.83000183,726.9983521
83.83999634,717.3884277
83.84999847,693.4465942
83.86000061,580.4918213
83.87000275,648.7005005
83.87999725,579.7228394
83.88999939,651.7511597
83.90000153,607.1556396
83.91000366,629.5195313
83.91999817,585.1035156
83.93000031,653.4541626
83.94000244,641.4625244
83.94999695,609.2356567
83.95999908,637.8502808
83.97000122,574.6261597
83.98000336,639.3120728
83.98999786,575.8490601
84,620.1279907
84.01000214,611.7366333
84.01999664,573.4346313
84.02999878,521.7227783
84.04000092,599.2174072
84.05000305,573.0720825
84.05999756,672.2601318
84.06999969,675.5644531
84.08000183,563.2294312
84.08999634,609.7255859
84.09999847,620.8372192
84.11000061,629.1733398
84.12000275,563.201416
84.12999725,556.9058838
84.13999939,604.2078247
84.15000153,566.6399536
84.16000366,601.27948
84.16999817,657.0742188
84.18000031,584.7522583
84.19000244,581.8079834
84.19999695,621.7473755
84.20999908,546.4537964
84.22000122,575.6133423
84.23000336,584.9995117
84.23999786,509.6949768
84.25,520.7454834
84.26000214,557.2786865
84.26999664,627.3335571
84.27999878,565.5255737
84.29000092,524.7753906
84.30000305,568.6907959
84.30999756,571.0823975
84.31999969,537.911377
84.33000183,581.9900513
84.33999634,579.694397
84.34999847,577.3822021
84.36000061,458.894928
84.37000275,578.1766357
84.37999725,606.0018311
84.38999939,544.6757202
84.40000153,523.3117676
84.41000366,562.31427
84.41999817,584.6582642
84.43000031,598.942627
84.44000244,627.5935059
84.44999695,565.7682495
84.45999908,525.225708
84.47000122,559.6580811
84.48000336,506.5634766
84.48999786,544.2879639
84.5,563.567749
84.51000214,583.1740112
84.51999664,543.3703003
84.52999878,567.8364258
84.54000092,537.6193848
84.55000305,585.9300537
84.55999756,601.944519
84.56999969,598.9100952
84.58000183,539.8606567
84.58999634,610.5119019
84.59999847,552.2344971
84.61000061,526.87677
84.62000275,461.2416382
84.62999725,561.21698
84.63999939,637.513855
84.65000153,596.7781372
84.66000366,619.2588501
84.66999817,583.678772
84.68000031,564.4075317
84.69000244,564.8429565
84.69999695,515.3049927
84.70999908,565.5562744
84.72000122,620.3225098
84.73000336,568.3105469
84.73999786,567.3895874
84.75,627.2081909
84.76000214,557.7576904
84.76999664,621.8671875
84.77999878,597.911377
84.79000092,551.883606
84.80000305,494.1604919
84.80999756,510.8230286
84.81999969,530.5924683
84.83000183,559.3982544
84.83999634,539.8087158
84.84999847,537.2041626
84.86000061,583.333313
84.87000275,573.4743042
84.87999725,523.4332886
84.88999939,567.4128418
84.90000153,594.6071777
84.91000366,588.1119995
84.91999817,585.5568848
84.93000031,554.2695313
84.94000244,587.0822144
84.94999695,618.7451172
84.95999908,537.5808716
84.97000122,558.8655396
84.98000336,540.5234985
84.98999786,561.9552002
85,573.0891724
85.01000214,525.7340088
85.01999664,603.5661621
85.02999878,591.6077881
85.04000092,541.666687
85.05000305,542.2639771
85.05999756,539.8705444
85.06999969,508.9284363
85.08000183,538.6883545
85.08999634,545.2402344
85.09999847,544.0348511
85.11000061,555.9694214
85.12000275,543.4364624
85.12999725,552.4000854
85.13999939,541.0788574
85.15000153,545.7142334
85.16000366,592.9050293
85.16999817,573.2462158
85.18000031,562.5
85.19000244,565.4122925
85.19999695,586.2402954
85.20999908,597.2028198
85.22000122,546.6364746
85.23000336,509.828949
85.23999786,568.5249634
85.25,548.4064331
85.26000214,531.4732666
85.26999664,645.9829102
85.27999878,607.6591797
85.29000092,522.7131348
85.30000305,511.1864624
85.30999756,530.8753052
85.31999969,540.5297241
85.33000183,537.3049316
85.33999634,567.0303345
85.34999847,579.4425049
85.36000061,487.4104309
85.37000275,572.296875
85.37999725,606.647522
85.38999939,585.1774292
85.40000153,530.6602173
85.41000366,615.2468872
85.41999817,588.0874634
85.43000031,638.0430298
85.44000244,581.9465332
85.44999695,545.2791138
85.45999908,542.7729492
85.47000122,548.3438721
85.48000336,543.0093384
85.48999786,576.4175415
85.5,549.0050659
85.51000214,497.3569946
85.51999664,560.8604736
85.52999878,556.5446167
85.54000092,596.1901245
85.55000305,557.2544556
85.55999756,479.6755981
85.56999969,563.4211426
85.58000183,540.5870972
85.58999634,541.4135132
85.59999847,581.8569336
85.61000061,486.4271545
85.62000275,486.1255798
85.62999725,540.8117676
85.63999939,585.8031616
85.65000153,544.2376099
85.66000366,544.4796753
85.66999817,612.3590088
85.68000031,553.6381836
85.69000244,553.6915894
85.69999695,575.4830933
85.70999908,544.2240601
85.72000122,504.1666565
85.73000336,508.3490601
85.73999786,535.4133911
85.75,524.9973755
85.76000214,544.8182983
85.76999664,478.648468
85.77999878,480.6875305
85.79000092,528.5717163
85.80000305,578.7007446
85.80999756,551.9962158
85.81999969,585.0726318
85.83000183,525.7158813
85.83999634,635.2075195
85.84999847,538.3272095
85.86000061,606.7054443
85.87000275,611.3223267
85.87999725,515.0270386
85.88999939,537.87146
85.90000153,561.7783203
85.91000366,503.8634033
85.91999817,557.9937134
85.93000031,534.9903564
85.94000244,601.8549805
85.94999695,563.1152954
85.95999908,616.7677002
85.97000122,542.8117065
85.98000336,669.5706177
85.98999786,617.3494873
86,530.1490479
86.01000214,539.9499512
86.01999664,564.1987915
86.02999878,601.5071411
86.04000092,553.4046631
86.05000305,576.2556152
86.05999756,553.6826782
86.06999969,555.3103027
86.08000183,586.2024536
86.08999634,512.5
86.09999847,519.2075806
86.11000061,562.7091675
86.12000275,496.6632996
86.12999725,473.2105713
86.13999939,502.0995483
86.15000153,577.1844482
86.16000366,529.6384277
86.16999817,542.2734375
86.18000031,600.7676392
86.19000244,520.5028687
86.19999695,619.9343872
86.20999908,630.9348755
86.22000122,521.7866821
86.23000336,596.7595215
86.23999786,603.242981
86.25,596.2939453
86.26000214,598.6220093
86.26999664,593.9130859
86.27999878,640.8082886
86.29000092,598.6333008
86.30000305,577.0511475
86.30999756,504.8045959
86.31999969,615.6623535
86.33000183,638.0627441
86.33999634,612.3763428
86.34999847,643.5936279
86.36000061,626.7866821
86.37000275,651.46521
86.37999725,722.2306519
86.38999939,616.7676392
86.40000153,520.0061035
86.41000366,589.4967651
86.41999817,642.5445557
86.43000031,647.3740845
86.44000244,631.5454102
86.44999695,672.7080078
86.45999908,559.2797852
86.47000122,667.2158813
86.48000336,606.0360107
86.48999786,658.7631836
86.5,656.0722046
86.51000214,600
86.51999664,608.9435425
86.52999878,683.6789551
86.54000092,646.6140747
86.55000305,614.5571289
86.55999756,594.5715942
86.56999969,590.4605713
86.58000183,653.3308105
86.58999634,645.416748
86.59999847,638.3447876
86.61000061,607.5055542
86.62000275,600.8250732
86.62999725,611.6229248
86.63999939,643.7159424
86.65000153,658.8235474
86.66000366,626.2214355
86.66999817,639.1231079
86.68000031,644.8651123
86.69000244,560.3485718
86.69999695,585.9952393
86.70999908,638.7913208
86.72000122,536.1258545
86.73000336,576.8121338
86.73999786,701.4069824
86.75,600.5708618
86.76000214,639.1453857
86.76999664,575
86.77999878,578.906311
86.79000092,618.2236328
86.80000305,631.7819824
86.80999756,623.6224976
86.81999969,684.736084
86.83000183,612.0631714
86.83999634,562.4622803
86.84999847,524.2605591
86.86000061,567.4385986
86.87000275,648.5062256
86.87999725,550.7531128
86.88999939,557.2079468
86.90000153,548.0755005
86.91000366,572.3223877
86.91999817,579.7127075
86.93000031,505.540802
86.94000244,562.5
86.94999695,558.8349609
86.95999908,530.3247681
86.97000122,618.2585449
86.98000336,510.3232422
86.98999786,584.017334
87,675.9335938
87.01000214,635.9423218
87.01999664,578.9193115
87.02999878,623.3171997
87.04000092,645.0529785
87.05000305,581.4620361
87.05999756,479.243042
87.06999969,566.2973633
87.08000183,518.4038696
87.08999634,541.3054199
87.09999847,583.6777954
87.11000061,582.3556519
87.12000275,523.975647
87.12999725,513.8598022
87.13999939,524.4284058
87.15000153,473.8657532
87.16000366,512.3583984
87.16999817,560.6706543
87.18000031,585.8380737
87.19000244,563.3580322
87.19999695,522.6946411
87.20999908,499.7669983
87.22000122,547.1384277
87.23000336,560.5515747
87.23999786,537.1768188
87.25,533.9766235
87.26000214,540.7063599
87.26999664,526.6182861
87.27999878,506.9280701
87.29000092,628.418457
87.30000305,478.5937805
87.30999756,621.2523193
87.31999969,568.7852783
87.33000183,496.3041077
87.33999634,548.3225708
87.34999847,482.650116
87.36000061,577.0357056
87.37000275,547.880188
87.37999725,519.6283569
87.38999939,508.3617249
87.40000153,562.2019653
87.41000366,556.8511353
87.41999817,542.8070679
87.43000031,607.5151367
87.44000244,543.1247559
87.44999695,571.1998901
87.45999908,676.541687
87.47000122,531.4606934
87.48000336,560.5041504
87.48999786,533.9003296
87.5,544.2033691
87.51000214,577.4854126
87.51999664,553.0523682
87.52999878,536.392334
87.54000092,516.7042847
87.55000305,461.8902893
87.55999756,516.5792847
87.56999969,572.2971191
87.58000183,532.7960815
87.58999634,524.7330322
87.59999847,522.9555054
87.61000061,550.7399292
87.62000275,502.8810425
87.62999725,542.4503784
87.63999939,498.3885498
87.65000153,595.1200562
87.66000366,521.8538818
87.66999817,538.7671509
87.68000031,562.8644409
87.69000244,626.0828247
87.69999695,516.2245483
87.70999908,571.5478516
87.72000122,515.6872559
87.73000336,502.6744385
87.73999786,546.5575562
87.75,561.2092896
87.76000214,605.0023804
87.76999664,554.2512207
87.77999878,620.0769653
87.79000092,535.8712158
87.80000305,506.2550354
87.80999756,477.0206909
87.81999969,579.2401733
87.83000183,509.9127197
87.83999634,534.5899048
87.84999847,484.665802
87.86000061,505.0289001
87.87000275,449.3294678
87.87999725,515.5340576
87.88999939,568.0393066
87.90000153,522.4210205
87.91000366,624.7289429
87.91999817,545.2283936
87.93000031,608.7613525
87.94000244,540.1765137
87.94999695,589.2178955
87.95999908,543.6890869
87.97000122,584.1349487
87.98000336,596.4255981
87.98999786,528.1478271
88,590.1074829
88.01000214,558.5263672
88.01999664,565.9415894
88.02999878,637.1213379
88.04000092,625.7919922
88.05000305,555.0947876
88.05999756,577.0212402
88.06999969,615.7407837
88.08000183,508.1266479
88.08999634,595.1208496
88.09999847,580.2240601
88.11000061,599.1107788
88.12000275,482.815979
88.12999725,472.8799133
88.13999939,519.9901123
88.15000153,502.0008545
88.16000366,553.1317139
88.16999817,625.9084473
88.18000031,546.4772949
88.19000244,562.3409424
88.19999695,557.7047729
88.20999908,540.5802002
88.22000122,512.1934814
88.23000336,502.8046875
88.23999786,469.5050354
88.25,548.4872437
88.26000214,619.6694336
88.26999664,585.7776489
88.27999878,537.5
88.29000092,535.8247681
88.30000305,491.216156
88.30999756,598.6433716
88.31999969,559.670166
88.33000183,602.2390137
88.33999634,667.0714111
88.34999847,549.6168213
88.36000061,538.0029297
88.37000275,554.7854004
88.37999725,574.8782349
88.38999939,570.3543701
88.40000153,554.166687
88.41000366,553.9352417
88.41999817,548.2210693
88.43000031,630.5413208
88.44000244,530.3729248
88.44999695,574.031311
88.45999908,540.8791504
88.47000122,668.2442627
88.48000336,566.9712524
88.48999786,579.166687
88.5,579.946167
88.51000214,611.1646118
88.51999664,553.9799805
88.52999878,546.7460327
88.54000092,585.180542
88.55000305,482.04245
88.55999756,615.815918
88.56999969,574.1699829
88.58000183,535.7611084
88.58999634,657.3083496
88.59999847,602.1708374
88.61000061,497.3268433
88.62000275,580.3280029
88.62999725,644.9874268
88.63999939,594.1919556
88.65000153,496.032196
88.66000366,509.3602905
88.66999817,575.3103638
88.68000031,594.3342285
88.69000244,492.5922241
88.69999695,558.7234497
88.70999908,587.1783447
88.72000122,562.1911621
88.73000336,537.7467651
88.73999786,558.805481
88.75,599.4590454
88.76000214,550.3435059
88.76999664,583.333313
88.77999878,582.9082031
88.79000092,537.1715698
88.80000305,500.8585205
88.80999756,603.5551758
88.81999969,525.3302612
88.83000183,570.6940308
88.83999634,550.0770874
88.84999847,562.4294434
88.86000061,549.6157837
88.87000275,475.5367126
88.87999725,591.4967651
88.88999939,550.5773315
88.90000153,712.1593628
88.91000366,599.958313
88.91999817,583.3250732
88.93000031,579.1787109
88.94000244,587.5114746
88.94999695,599.9559937
88.95999908,487.515564
88.97000122,570.7775879
88.98000336,558.3483276
88.98999786,554.1738892
89,637.3112793
89.01000214,504.5397339
89.01999664,595.5278931
89.02999878,570.9299927
89.04000092,599.871582
89.05000305,558.5391235
89.05999756,624.6348877
89.06999969,583.5839233
89.08000183,628.866333
89.08999634,550.5614624
89.09999847,599.6184082
89.11000061,608.2651978
89.12000275,583.5512085
89.12999725,587.4614258
89.13999939,632.8842163
89.15000153,583.8504639
89.16000366,546.2416382
89.16999817,541.7142944
89.18000031,632.2352905
89.19000244,509.8989258
89.19999695,508.3333435
89.20999908,602.8614502
89.22000122,731.5032349
89.23000336,548.5928955
89.23999786,619.6882935
89.25,604.4302979
89.26000214,571.3789673
89.26999664,587.2179565
89.27999878,628.4385986
89.29000092,514.6031494
89.30000305,626.9989014
89.30999756,584.2103882
89.31999969,595.5872192
89.33000183,530.5164795
89.33999634,606.6864014
89.34999847,673.5759277
89.36000061,597.5685425
89.37000275,579.5412598
89.37999725,587.3080444
89.38999939,559.0215454
89.40000153,590.8614502
89.41000366,559.1572266
89.41999817,647.6827393
89.43000031,625.6460571
89.44000244,604.7167358
89.44999695,640.6553955
89.45999908,597.0952148
89.47000122,612.0317383
89.48000336,640.8306885
89.48999786,694.2501221
89.5,728.1735229
89.51000214,773.6083984
89.51999664,597.3371582
89.52999878,720.8002319
89.54000092,745.1652832
89.55000305,737.7719727
89.55999756,709.3018799
89.56999969,635.8666992
89.58000183,733.921936
89.58999634,781.7327881
89.59999847,775.2957764
89.61000061,758.9344482
89.62000275,830.5852661
89.62999725,849.3797607
89.63999939,669.5855103
89.65000153,750.6499023
89.66000366,918.3475952
89.66999817,792.9335938
89.68000031,679.5106201
89.69000244,906.8376465
89.69999695,820.791626
89.70999908,796.7047729
89.72000122,835.7330322
89.73000336,829.5249023
89.73999786,857.0626221
89.75,794.6098633
89.76000214,863.3119507
89.76999664,826.8880005
89.77999878,884.6316528
89.79000092,883.5269775
89.80000305,752.3040771
89.80999756,805.3555908
89.81999969,883.6819458
89.83000183,832.0140991
89.83999634,801.4407959
89.84999847,736.6656494
89.86000061,721.4654541
89.87000275,748.5078735
89.87999725,868.5318604
89.88999939,752.5930176
89.90000153,670.8562622
89.91000366,710.0474243
89.91999817,771.6187744
89.93000031,747.4284668
89.94000244,741.8969727
89.94999695,871.4844971
89.95999908,753.3615723
89.97000122,745.833313
89.98000336,745.833313
89.98999786,745.833313
90,745.833313